0.9146732708938586 0.333 0.9698482979114372 0.5 1.0397653367382937 0.333 1.0256529480685004 0.5
0.9004501173779526 0.333 1.0361495012977437 0.5 1.0470660029584324 0.333 1.0613463335060962 0.5
0.9679469578380285 0.333 1.0918465795937762 0.5 1.0999958978006932 0.333 0.9184228544170224 0.5
1.0708967031079677 0.333 1.0866139254450626 0.5 1.0354381369702825 0.333 1.000694014688778 0.5
1.0955295361724218 0.333 1.0840113772191602 0.5 0.9021455563291634 0.333 1.009879707819183 0.5
1.0669983632290694 0.333 0.9164597423063987 0.5 1.012130821998915 0.333 0.9025065338672003 0.5
0.9487590621829132 0.333 1.0438364908558002 0.5 1.062162782672516 0.333 0.9931594044834556 0.5
0.984306704438454 0.333 0.9046277618184685 0.5 1.0520967205245788 0.333 0.9587603625512213 0.5
0.9645353439076899 0.333 0.9044817344474108 0.5 0.988451293209056 0.333 0.9077631493800588 0.5
0.9602089974210747 0.333 0.9175330197293092 0.5 0.9321298066538013 0.333 0.9370192632960499 0.5
1.0161019411068375 0.333 1.0428277526926355 0.5 1.0725695148337855 0.333 1.040515731153107 0.5
0.9640365390312406 0.333 1.0877164726623108 0.5 1.0100349782094085 0.333 1.0895113317674703 0.5
0.9302849851523043 0.333 1.0763710604243073 0.5 1.0363915776769885 0.333 0.9182066641858593 0.5
1.0637539980434214 0.333 0.9727545940345818 0.5 1.0695416067024557 0.333 1.0432935369432057 0.5
0.9643809329809087 0.333 1.0280135585817276 0.5 1.043646608643981 0.333 0.9315569171726433 0.5
1.0033880002296067 0.333 1.0308254676884994 0.5 0.915911436258459 0.333 0.9560572404123349 0.5
1.0689934988730405 0.333 1.0338019749584362 0.5 1.0372173268697458 0.333 0.9725211324018405 0.5
0.9228960806807832 0.333 1.0875112461889445 0.5 1.0720793427690207 0.333 0.9635752960851913 0.5
1.094646850237082 0.333 1.0475568749719335 0.5 1.0490680882071106 0.333 1.0566862321227477 0.5
0.9560743250044613 0.333 1.0557458431206386 0.5 1.0438664461370284 0.333 1.0336781050123398 0.5
0.9237125896852972 0.333 1.046275371627971 0.5 0.9120735655814715 0.333 0.9946062963000359 0.5
0.9037958236018482 0.333 0.9673512240246188 0.5 0.9274045477358727 0.333 1.0455100476141677 0.5
1.0234625584235535 0.333 1.0403508797383396 0.5 1.069186665260307 0.333 0.9304625349142539 0.5
0.9499329362610531 0.333 0.9084103788838118 0.5 1.0586695688953538 0.333 0.9975131946953781 0.5
0.936770247464115 0.333 1.0775435653327166 0.5 0.9575644336422751 0.333 0.9853880699448575 0.5
1.0454122320769617 0.333 1.0942917204345881 0.5 0.9007846475407872 0.333 1.0207166434939305 0.5
0.9277597328219247 0.333 1.0528938917978783 0.5 0.9330460017792623 0.333 0.9184690767295148 0.5
1.0786850930515604 0.333 0.953125055991445 0.5 0.941924977387959 0.333 1.0473116053838878 0.5
0.9150725078688551 0.333 0.9859067343731982 0.5 1.0697577184118632 0.333 0.9459483662795057 0.5
1.0540865641306518 0.333 1.0351219458811898 0.5 1.0963800602417797 0.333 0.9748165338863182 0.5
1.0099721006242655 0.333 1.076990155387336 0.5 1.051091984914988 0.333 0.9974021914281921 0.5
0.9311541046585909 0.333 1.0719455086950627 0.5 0.9309045951993704 0.333 1.0667364522929346 0.5
0.9949063875469064 0.333 1.0930078471414155 0.5 1.0638803819218614 0.333 1.085954999181382 0.5
1.0028521715918257 0.333 1.056738371022436 0.5 1.0050652009702419 0.333 1.0362534800839365 0.5
0.9704805132246154 0.333 0.9222999545859865 0.5 1.0253666339263516 0.333 1.043835131254382 0.5
1.016176524755031 0.333 0.942360551613816 0.5 1.0794403048524037 0.333 0.9954001369899561 0.5
0.9668382282708953 0.333 1.0250513496322342 0.5 0.9706965313161572 0.333 1.0892473238433626 0.5
0.9242002356352026 0.333 0.9015912108253238 0.5 1.0178334390698236 0.333 0.9482344212182221 0.5
1.0828724064967938 0.333 1.074706636241359 0.5 1.0311450691963349 0.333 1.0458045507162324 0.5
1.000013993476254 0.333 1.0995233586895878 0.5 1.0359278364014264 0.333 1.0483263663032723 0.5
1.028928899013852 0.333 1.0592262088389812 0.5 0.9884783646567068 0.333 0.9789001645355819 0.5
1.0258690246285218 0.333 0.9900677881192388 0.5 0.9954814286865636 0.333 1.0406259698006404 0.5
0.9322988668033695 0.333 1.0977055484658322 0.5 0.9765516770718103 0.333 0.9856793138925658 0.5
0.9501419902884124 0.333 0.9144946147984511 0.5 0.960169616060516 0.333 1.0440540599736197 0.5
0.9353488400213347 0.333 0.9077190919110468 0.5 1.0790827431988084 0.333 0.9113378709396024 0.5
1.0876642143780444 0.333 1.0765839862487832 0.5 1.014143084810523 0.333 0.9326365060022178 0.5
0.9568387645010106 0.333 0.9833275928607991 0.5 0.9849664726945815 0.333 0.908044831583433 0.5
0.9237490932062811 0.333 0.9285239391838958 0.5 1.0347450605568784 0.333 1.028926624830728 0.5
0.9730925397881601 0.333 1.0791304428458348 0.5 0.9832245554407367 0.333 0.9986032346516068 0.5
0.9338460859840689 0.333 0.9545370539185032 0.5 0.9573428601469628 0.333 0.9058227708557186 0.5
1.0970567737671035 0.333 1.0305609992603293 0.5 1.0917079367255622 0.333 0.9652471941050462 0.5
0.9149526389808259 0.333 1.07400094806448 0.5 1.0035854338868928 0.333 0.9339004798660973 0.5
0.9248058322029997 0.333 1.0920421712547883 0.5 1.0565434276920789 0.333 1.0308373451810735 0.5
1.0545869080389736 0.333 0.9319883275497401 0.5 1.0717503685381669 0.333 0.960060784309581 0.5
1.0828694080622003 0.333 1.09618622726938 0.5 0.9447007685973339 0.333 1.0914781850675142 0.5
0.9010809794433542 0.333 1.0387900840049318 0.5 0.9855215379131375 0.333 1.066088844076892 0.5
0.9036208573315813 0.333 1.0627068175859369 0.5 0.9537212926903758 0.333 0.91326334393279 0.5
1.0963210299542756 0.333 1.0437698833449507 0.5 1.072437446198418 0.333 0.9848520832786846 0.5
1.0207073701035156 0.333 1.09049372154438 0.5 0.9475686363435352 0.333 1.0456517301808959 0.5
0.9303471894504961 0.333 0.9771770715530949 0.5 1.0364210163172185 0.333 1.0330609597862774 0.5
0.9178851008188698 0.333 1.0140964380582018 0.5 0.9892583289355705 0.333 1.0672502798588108 0.5
1.0503710273646365 0.333 1.0373789995186948 0.5 1.0364464261721609 0.333 0.9659154655143838 0.5
0.944884270573731 0.333 0.9653455018845704 0.5 1.0243033703792146 0.333 1.0552412725760556 0.5
0.9700043141173199 0.333 0.9670350837772019 0.5 1.0333555612125047 0.333 0.9855929663821795 0.5
0.9812516343086263 0.333 0.9161937029352017 0.5 0.9605366972481125 0.333 0.9538039695216832 0.5
1.0570857679660084 0.333 1.0294125546950796 0.5 1.0015976826118225 0.333 0.908315115024638 0.5
1.0938289394129546 0.333 1.0885942794777366 0.5 0.9300361398994605 0.333 1.030868929594926 0.5
1.0850006348781351 0.333 0.9796735790781514 0.5 0.9053469676510488 0.333 0.9523266779994516 0.5
0.997928454892931 0.333 0.9372817224496668 0.5 1.060603442621686 0.333 0.9182553806012401 0.5
1.0769666538872587 0.333 1.0608326062773281 0.5 0.9650027224172157 0.333 1.0291537425586021 0.5
1.0066857446528539 0.333 1.021480637690833 0.5 1.0963641248358758 0.333 1.010976379129178 0.5
0.9405789573430999 0.333 1.0499357117819337 0.5 1.0074265279551715 0.333 0.9981353696606439 0.5
1.0803986996809785 0.333 0.9489830824452502 0.5 1.0278950428217435 0.333 1.0615808705063667 0.5
1.032195067830078 0.333 1.0634040500715791 0.5 1.0865944867430102 0.333 0.9132470424120628 0.5
0.9484790126893927 0.333 0.9763274506594783 0.5 0.9283760074279125 0.333 1.0647563321171094 0.5
0.906964469618618 0.333 1.0219888794120942 0.5 0.9702201269800275 0.333 1.0027688575317277 0.5
0.9556728027087464 0.333 0.9283026713986084 0.5 1.0317427872671312 0.333 1.040711374157177 0.5
1.0862280086863902 0.333 1.070358366415125 0.5 0.9976728336178533 0.333 0.9291881504052013 0.5
0.962987504656818 0.333 1.0567183860905158 0.5 0.960185804939529 0.333 0.9482926362142045 0.5
1.0731183700484204 0.333 0.911501775568829 0.5 1.002631717843196 0.333 0.9817290774347083 0.5
0.9546068846608389 0.333 1.0293010121592194 0.5 0.9455142326919241 0.333 0.9220819648154063 0.5
1.0655668649827421 0.333 0.9694773106338952 0.5 0.9221283261688556 0.333 0.9801587870695485 0.5
0.9802906303905191 0.333 1.0148125926339544 0.5 1.0848595535472798 0.333 1.0459608554276532 0.5
1.0089951749117425 0.333 1.0074801099666997 0.5 1.0482432546998623 0.333 1.0094438952959088 0.5
1.0783910543238429 0.333 0.9672200792772679 0.5 1.0932456236733978 0.333 0.9322502143059971 0.5
1.0048486446876572 0.333 0.9024513766103904 0.5 0.9130679463619193 0.333 1.0462572581669372 0.5
1.0786628164711498 0.333 0.9108039205891473 0.5 1.032842406602317 0.333 0.924511841374982 0.5
0.9129162317771845 0.333 1.0981109077824962 0.5 0.9327106456385056 0.333 0.9284607400800258 0.5
0.9671962307157471 0.333 0.9494748137626732 0.5 0.9415082478531812 0.333 0.9421559379201556 0.5
0.949671149518404 0.333 1.031470868201479 0.5 1.0081632068894262 0.333 1.0746192945776878 0.5
1.0283440229415106 0.333 0.9742982787683844 0.5 1.0046362056532727 0.333 0.9458864576363337 0.5
1.0119381495821327 0.333 1.0618946133026428 0.5 1.0454157247016131 0.333 0.9106196037059705 0.5
0.9036238699897343 0.333 0.9462352143428892 0.5 0.9739794914091116 0.333 0.9829485050766832 0.5
1.0411402398050744 0.333 0.9962830756623926 0.5 1.0653203852520445 0.333 1.0057153140819521 0.5
0.9771639892909638 0.333 1.0773498312982777 0.5 0.9104977742102941 0.333 0.9791311680597654 0.5
0.9721500294423873 0.333 0.97124853921723 0.5 0.9375944194515909 0.333 0.9696815298618768 0.5
1.0944744341572927 0.333 1.0484253505451226 0.5 0.9777306604119425 0.333 1.0332822236029076 0.5
1.0698699073714557 0.333 1.068807946002879 0.5 0.9136401163963901 0.333 0.9469966686337807 0.5
0.9945638169138353 0.333 0.9286944655588512 0.5 0.9444564862780451 0.333 1.098811107979997 0.5
0.92472950830094 0.333 0.9354568532373423 0.5 1.0168852430441955 0.333 1.0820561607473278 0.5
