0.9146732708938586 0.18492414895571863 0.5198826683691469 0.11282647403425017 0.14149290036628315
0.9004501173779526 0.21807475064887183 0.5235330014792162 0.13067316675304808 0.07414175617755626
0.9679469578380285 0.2459232897968881 0.5499979489003466 0.05921142720851122 0.11984259981636815
1.0708967031079677 0.24330696272253133 0.5177190684851413 0.10034700734438898 0.09099048527397391
1.0955295361724218 0.2420056886095801 0.4510727781645817 0.10493985390959153 0.08556217326946
1.0669983632290694 0.15822987115319934 0.5060654109994575 0.05125326693360013 0.060497680261518874
0.9487590621829132 0.22191824542790012 0.531081391336258 0.09657970224172781 0.1443048335592506
0.984306704438454 0.15231388090923423 0.5260483602622894 0.07938018127561067 0.07839796304763214
0.9645353439076899 0.15224086722370536 0.494225646604528 0.05388157469002935 0.08631773712936526
0.9602089974210747 0.1587665098646546 0.46606490332690065 0.06850963164802497 0.09584671146831945
1.0161019411068375 0.22141387634631776 0.5362847574168927 0.1202578655765535 0.13616585501275508
0.9640365390312406 0.2438582363311554 0.5050174891047042 0.14475566588373515 0.08890321538110374
0.9302849851523043 0.2381855302121536 0.5181957888384943 0.05910333209292962 0.10860002474474828
1.0637539980434214 0.1863772970172909 0.5347708033512278 0.12164676847160288 0.08276823069057507
0.9643809329809087 0.2140067792908638 0.5218233043219905 0.06577845858632164 0.06344353894797682
1.0033880002296067 0.2154127338442497 0.4579557181292295 0.07802862020616741 0.07672550199985112
1.0689934988730405 0.21690098747921804 0.5186086634348729 0.08626056620092022 0.14362278876601364
0.9228960806807832 0.2437556230944722 0.5360396713845104 0.08178764804259567 0.05364839945449484
1.094646850237082 0.2237784374859667 0.5245340441035553 0.12834311606137377 0.14800461287375893
0.9560743250044613 0.22787292156031924 0.5219332230685142 0.11683905250616995 0.08231555217477576
0.9237125896852972 0.2231376858139854 0.45603678279073573 0.09730314815001795 0.12176847840312993
0.9037958236018482 0.18367561201230936 0.46370227386793633 0.12275502380708381 0.11428440635579268
1.0234625584235535 0.22017543986916974 0.5345933326301535 0.06523126745712693 0.10729588696295411
0.9499329362610531 0.1542051894419059 0.5293347844476769 0.09875659734768906 0.06502288036799354
0.936770247464115 0.2387717826663582 0.47878221682113753 0.09269403497242873 0.0690539878735722
1.0454122320769617 0.24714586021729407 0.4503923237703936 0.1103583217469653 0.1073105106459668
0.9277597328219247 0.22644694589893916 0.46652300088963117 0.059234538364757394 0.06833201408171746
1.0786850930515604 0.1765625279957225 0.4709624886939795 0.12365580269194389 0.1437724355040722
0.9150725078688551 0.19295336718659906 0.5348788592059316 0.07297418313975285 0.09415385036200702
1.0540865641306518 0.2175609729405949 0.5481900301208898 0.08740826694315909 0.13312518125209843
1.0099721006242655 0.23849507769366796 0.525545992457494 0.09870109571409601 0.11735541815713782
0.9311541046585909 0.23597275434753134 0.4654522975996852 0.1333682261464673 0.09097027468605727
0.9949063875469064 0.24650392357070774 0.5319401909609307 0.142977499590691 0.08127122336048005
1.0028521715918257 0.22836918551121807 0.5025326004851209 0.11812674004196827 0.11617993579721295
0.9704805132246154 0.16114997729299319 0.5126833169631758 0.1219175656271911 0.1079452737200331
1.016176524755031 0.171180275806908 0.5397201524262019 0.09770006849497803 0.12685337786490702
0.9668382282708953 0.21252567481611703 0.4853482656580786 0.14462366192168127 0.13040334405082937
0.9242002356352026 0.15079560541266188 0.5089167195349118 0.07411721060911103 0.14169601668503756
1.0828724064967938 0.23735331812067956 0.5155725345981674 0.12290227535811621 0.06062374895511759
1.000013993476254 0.24976167934479385 0.5179639182007132 0.12416318315163616 0.09107888466369302
1.028928899013852 0.22961310441949057 0.4942391823283534 0.08945008226779096 0.1452454587634516
1.0258690246285218 0.19503389405961935 0.4977407143432818 0.12031298490032015 0.11733461456394963
0.9322988668033695 0.24885277423291616 0.48827583853590517 0.09283965694628288 0.10322854614861174
0.9501419902884124 0.15724730739922552 0.480084808030258 0.12202702998680978 0.10323525974137891
0.9353488400213347 0.1538595459555234 0.5395413715994042 0.055668935469801166 0.1482434996988432
1.0876642143780444 0.2382919931243916 0.5070715424052615 0.06631825300110891 0.1073945115012832
0.9568387645010106 0.19166379643039952 0.49248323634729074 0.054022415791716495 0.059938317900495655
0.9237490932062811 0.1642619695919479 0.5173725302784392 0.11446331241536403 0.13631049475839285
0.9730925397881601 0.2395652214229174 0.49161227772036836 0.09930161732580342 0.1040915128879918
0.9338460859840689 0.1772685269592516 0.4786714300734814 0.052911385427859274 0.09049627453260096
1.0970567737671035 0.21528049963016466 0.5458539683627811 0.08262359705252309 0.09863792363440281
0.9149526389808259 0.23700047403224 0.5017927169434464 0.06695023993304865 0.07995497232312804
0.9248058322029997 0.2460210856273941 0.5282717138460394 0.11541867259053674 0.0848059107905641
1.0545869080389736 0.16599416377487003 0.5358751842690834 0.0800303921547905 0.06722435295663608
1.0828694080622003 0.24809311363468997 0.47235038429866694 0.14573909253375708 0.10029170958227289
0.9010809794433542 0.21939504200246585 0.49276076895656873 0.13304442203844602 0.14033154473664478
0.9036208573315813 0.23135340879296842 0.4768606463451879 0.05663167196639495 0.09892821426814859
1.0963210299542756 0.22188494167247536 0.536218723099209 0.09242604163934226 0.07081644609315338
1.0207073701035156 0.24524686077219 0.4737843181717676 0.12282586509044796 0.12491267664505451
0.9303471894504961 0.18858853577654738 0.5182105081586093 0.11653047989313868 0.1360279019983009
0.9178851008188698 0.2070482190291009 0.49462916446778527 0.13362513992940545 0.07776724429954215
1.0503710273646365 0.21868949975934734 0.5182232130860804 0.0829577327571919 0.13160269044233153
0.944884270573731 0.18267275094228513 0.5121516851896073 0.1276206362880278 0.0849683500052783
0.9700043141173199 0.18351754188860098 0.5166777806062524 0.09279648319108977 0.08441884816395906
0.9812516343086263 0.15809685146760086 0.48026834862405626 0.07690198476084159 0.1270276275068281
1.0570857679660084 0.21470627734753983 0.5007988413059112 0.05415755751231898 0.1387906200488405
1.0938289394129546 0.24429713973886824 0.4650180699497303 0.115434464797463 0.09746256813960812
1.0850006348781351 0.18983678953907568 0.4526734838255244 0.07616333899972581 0.1496229283794507
0.997928454892931 0.16864086122483338 0.530301721310843 0.05912769030062005 0.05918650267481104
1.0769666538872587 0.230416303138664 0.48250136120860787 0.11457687127930102 0.08714832754425574
1.0066857446528539 0.2107403188454164 0.5481820624179379 0.10548818956458897 0.08028897429286591
0.9405789573430999 0.22496785589096685 0.5037132639775858 0.09906768483032193 0.09719054225711068
1.0803986996809785 0.17449154122262509 0.5139475214108717 0.13079043525318335 0.054461431227391346
1.032195067830078 0.23170202503578952 0.5432972433715051 0.05662352120603136 0.08160830497030386
0.9484790126893927 0.18816372532973918 0.46418800371395624 0.13237816605855474 0.0809862358807376
0.906964469618618 0.2109944397060471 0.48511006349001373 0.10138442876586382 0.11887601638314904
0.9556728027087464 0.1641513356993042 0.5158713936335656 0.12035568707858847 0.11043275028259661
1.0862280086863902 0.23517918320756254 0.49883641680892665 0.06459407520260065 0.0672281567797855
0.962987504656818 0.22835919304525787 0.4800929024697645 0.07414631810710225 0.10871209779902613
1.0731183700484204 0.1557508877844145 0.501315858921598 0.09086453871735416 0.11240676324739576
0.9546068846608389 0.21465050607960973 0.47275711634596207 0.061040982407703115 0.13916965989110966
1.0655668649827421 0.18473865531694755 0.4610641630844278 0.09007939353477427 0.05635800093770387
0.9802906303905191 0.20740629631697718 0.5424297767736399 0.12298042771382661 0.1284775490807516
1.0089951749117425 0.20374005498334982 0.5241216273499312 0.1047219476479544 0.0657246589867346
1.0783910543238429 0.18361003963863395 0.5466228118366989 0.06612510715299856 0.0965290887048123
1.0048486446876572 0.1512256883051952 0.4565339731809597 0.12312862908346861 0.0716435671822933
1.0786628164711498 0.15540196029457362 0.5164212033011585 0.06225592068749101 0.07279120461988768
0.9129162317771845 0.24905545389124806 0.4663553228192528 0.06423037004001286 0.09687987576314967
0.9671962307157471 0.17473740688133657 0.4707541239265906 0.07107796896007779 0.12678494733146994
0.949671149518404 0.21573543410073948 0.5040816034447131 0.13730964728884393 0.09680681327972705
1.0283440229415106 0.18714913938419217 0.5023181028266364 0.07294322881816684 0.11983654588499887
1.0119381495821327 0.23094730665132138 0.5227078623508066 0.05530980185298522 0.10426320510203729
0.9036238699897343 0.1731176071714446 0.4869897457045558 0.09147425253834157 0.1063854975412126
1.0411402398050744 0.1981415378311963 0.5326601926260223 0.10285765704097609 0.14063783647917963
0.9771639892909638 0.2386749156491388 0.45524888710514705 0.08956558402988268 0.12571140174219353
0.9721500294423873 0.185624269608615 0.46879720972579547 0.0848407649309384 0.08357488358949879
1.0944744341572927 0.22421267527256133 0.4888653302059712 0.11664111180145373 0.13394506242867033
1.0698699073714557 0.23440397300143945 0.45682005819819504 0.07349833431689036 0.14012230455318292
0.9945638169138353 0.1643472327794256 0.47222824313902256 0.14940555398999844 0.053111409861398506
0.92472950830094 0.16772842661867116 0.5084426215220977 0.14102808037366388 0.05417063708254756
