1.5733663544692928 3.698482979114372 0.2897653367382937 0.2756529480685003 0.1872393505494247 0.6885616232491751 0.8040360695771332 0.16707788955127795 0.28405279166889874 0.6835424212941854 0.13566311740135806 0.7405617174566697 0.21046509438357436 0.0502025416887084 0.0 0.0 0.5464318017788816 0.0
1.5022505868897627 4.361495012977437 0.29706600295843233 0.31134633350609614 0.0862126342663344 0.8233885659731024 0.7811703296441628 0.11643376064176073 0.30224842203920466 0.7964682238668889 0.19989759350098557 0.7988916165306974 0.34775042065992723 0.14070291370639965 0.0 0.0 0.7710157632490675 0.0
1.8397347891901428 4.918465795937762 0.349995897800693 0.16842285441702243 0.15476389972455223 0.7492569393283793 0.8402834492857105 0.16940737166786612 0.3093080512644809 0.7506617048136494 0.09745850840805484 0.8331510186533825 0.21185258206150742 0.08847218279267188 0.0 0.0 0.7599610372409389 0.0
2.354483515539839 4.866139254450626 0.2854381369702825 0.25069401468877794 0.11148572791096087 0.7126259064543322 0.6923300429406924 0.1552342487715892 0.25865189133196237 0.7963013269077401 0.10350758925718422 0.8211391177205112 0.17495439570324134 0.16786553495364537 0.0 0.0 1.0048926753345513 0.0
2.477647680862108 4.840113772191602 0.15214555632916335 0.259879707819183 0.10334325990419002 0.732270541418493 0.81180112664678 0.12370545885708469 0.22653960577082236 0.8324869653257784 0.16324529777403174 0.7698113749487473 0.16328668366892107 0.10125998700753078 0.0 0.0 0.6686927075107754 0.0
2.3349918161453465 3.1645974230639866 0.2621308219989149 0.15250653386720026 0.06574652039227831 0.6855223547192477 0.8434638339378381 0.106969467964441 0.15577716636376593 0.7255621440081479 0.16044103217793915 0.7030788940069477 0.16194219870561372 0.11941763199287511 0.0 0.0 1.0207187786835084 0.0
1.7437953109145659 4.438364908558002 0.312162782672516 0.2431594044834556 0.19145725033887595 0.6627186402049464 0.8260008988773969 0.17673868783260077 0.22355552923505273 0.6924371147572498 0.1749236673659625 0.7875187631182149 0.32210261727236555 0.1479851760227777 0.0 0.0 1.0131900200603376 0.0
1.92153352219227 3.0462776181846847 0.3020967205245788 0.20876036255122132 0.09259694457144821 0.7018788634451799 0.7548405580498829 0.18393012160522665 0.2386265771624645 0.6759489206386969 0.18300601090690355 0.7058882140555365 0.3488242659800266 0.12738467719026597 0.0 0.0 0.8085453402822679 0.0
1.8226767195384497 3.044817344474107 0.238451293209056 0.1577631493800587 0.10447660569404789 0.8450936189417092 0.8421851902408328 0.11448729421849257 0.25526565996695766 0.7540307835969617 0.11381973418669156 0.7678954754192558 0.33720077868897425 0.12032555955341463 0.0 0.0 1.1016677503561758 0.0
1.801044987105373 3.1753301972930923 0.18212980665380124 0.1870192632960499 0.11877006720247917 0.7573549961487644 0.8070243356409431 0.14112099390088867 0.2888061277108493 0.7649915394949965 0.15038305040695657 0.6563595605141239 0.16168281416137997 0.052692438006918224 0.0 0.0 1.0412230623278491 0.0
2.0805097055341872 4.4282775269263555 0.3225695148337854 0.290515731153107 0.17924878251913262 0.6526029339629837 0.8339641147234378 0.1851988578833167 0.220528097493954 0.7061551635383335 0.11732964731098354 0.7490412002246738 0.23452849253265093 0.13539053108208837 0.0 0.0 0.503629061219111 0.0
1.8201826951562032 4.877164726623108 0.26003497820940846 0.3395113317674703 0.10835482307165559 0.6899235934874398 0.6559283227660322 0.1600151003023125 0.24165753287543956 0.7749306092393998 0.17859222753467868 0.7857288314983336 0.2916646327610705 0.1770099899487118 0.0 0.0 0.624120345614883 0.0
1.6514249257615214 4.763710604243072 0.2863915776769886 0.16820666418585922 0.13790003711712243 0.8396854042268037 0.7375601870393285 0.1704106966378764 0.16494708176802847 0.7399328693368389 0.15382481766230532 0.7728326190109499 0.30067517335037564 0.1050762585399064 0.0 0.0 0.8520431163282405 0.0
2.318769990217107 3.7275459403458173 0.3195416067024557 0.29329353694320576 0.09915234603586259 0.7563227583902367 0.8317884987011425 0.06381867740882864 0.18394402602306403 0.8270045468025775 0.06265079604313975 0.7395750233847587 0.274319546215829 0.13833791442691562 0.0 0.0 0.6022458776527393 0.0
1.8219046649045432 4.280135585817276 0.29364660864398096 0.18155691717264327 0.07016530842196521 0.7976522939195904 0.7760129288281643 0.10942227555036424 0.31485343796904375 0.7084701844542086 0.13274267746136273 0.7785305492803017 0.3001101873016516 0.1372471907172812 0.0 0.0 0.7498139852454455 0.0
2.0169400011480336 4.308254676884994 0.165911436258459 0.2060572404123348 0.09008825299977666 0.8449629298273772 0.7154817690332166 0.1888112635672659 0.33285688516807277 0.8264628302660865 0.1647316844243572 0.7905823142906082 0.26352904061947974 0.06381606527688376 0.0 0.0 0.7861330621155023 0.0
2.344967494365202 4.338019749584361 0.28721732686974577 0.22252113240184043 0.19043418314902044 0.7565198730257652 0.8436700192068638 0.10214253069841567 0.23809537668082206 0.7287117835201652 0.19398103341777273 0.8237372354211607 0.3125913575292759 0.1905961446123557 0.0 0.0 0.5235197296887992 0.0
1.6144804034039157 4.875112461889444 0.32207934276902056 0.21357529608519135 0.05547259918174225 0.6668804114728921 0.7521123085522041 0.07068316751103756 0.2118275472401065 0.6539801711146582 0.12670244478343282 0.6811281433490529 0.19837162061693536 0.09689838424075245 0.0 0.0 0.8240502031256951 0.0
2.47323425118541 4.475568749719335 0.2990680882071107 0.30668623212274754 0.19700691931063835 0.697259021528275 0.8307647386938357 0.09871209925341287 0.20403144440454887 0.79831054791676 0.13061940615667278 0.7449205491765628 0.3003444752638176 0.17869631560039023 0.0 0.0 0.5705481500681648 0.0
1.7803716250223065 4.557458431206385 0.2938664461370284 0.2836781050123399 0.09847332826216362 0.8112457286446715 0.6720977587750085 0.14699742066131416 0.2504416127042185 0.8058530270638049 0.17505975078049174 0.6934647073310509 0.32991653422485795 0.08078979309076488 0.0 0.0 0.8391112856788419 0.0
1.618562948426486 4.462753716279709 0.16207356558147146 0.24460629630003589 0.1576527176046949 0.7109293354773185 0.7992043337000938 0.0641806662068588 0.1990437152468311 0.7634028320431768 0.07074149498260088 0.7439214994894643 0.21456102540752178 0.14925550884329924 0.0 0.0 1.0128671318935687 0.0
1.5189791180092405 3.6735122402461875 0.17740454773587266 0.2955100476141676 0.146426609533689 0.7902903923651967 0.7182980422874979 0.09632263021516846 0.3214495008594048 0.8266589470632634 0.051287077078781364 0.6877312703879482 0.21532743360372902 0.0551752138282948 0.0 0.0 0.39657796457592226 0.0
2.117312792117767 4.403508797383395 0.31918666526030703 0.18046253491425385 0.13594383044443115 0.833689706194241 0.7239795362467415 0.19778977763387212 0.15576132346723048 0.6905506961819902 0.1416368238300993 0.6584645731646934 0.3326138796057051 0.17119767702114946 0.0 0.0 0.5724762056890982 0.0
1.7496646813052656 3.084103788838118 0.3086695688953538 0.2475131946953781 0.07253432055199031 0.8225408471648009 0.8187249032331079 0.1521472898680013 0.22644666702673155 0.69364002357926 0.17396460098514321 0.677215316770038 0.22088239994807213 0.18967602451543847 0.0 0.0 0.7313237343546692 0.0
1.683851237320575 4.775435653327164 0.20756443364227503 0.23538806994485745 0.0785809818103583 0.7431462749294913 0.7225358845433212 0.13578172550727424 0.2862271507576921 0.7303779385445444 0.19292316000628723 0.7405977999052172 0.2854187136621243 0.11646590142796107 0.0 0.0 0.47673336627276913 0.0
2.227061160384808 4.942917204345881 0.1507846475407872 0.2707166434939306 0.13596576596895021 0.7718815495662457 0.7276178251084299 0.09084459539494351 0.15096885281142447 0.820651118459201 0.1263958865803029 0.751592289985409 0.19834210029529392 0.15399068214493955 0.0 0.0 0.9474436092460388 0.0
1.6387986641096233 4.528938917978783 0.18304600177926234 0.16846907672951478 0.07749802112257617 0.8190154225303335 0.7561380749637419 0.07976851370888467 0.2838197788521642 0.7277796498113699 0.0863550225392831 0.847539974319596 0.26711680024815154 0.19530762923601175 0.0 0.0 0.9147255726589113 0.0
2.3934254652578018 3.53125055991445 0.19192497738795894 0.2973116053838878 0.19065865325610826 0.845291951568273 0.6968791383929986 0.061380746867958545 0.31613747689427063 0.7358803687287315 0.17310111035388248 0.7088896218074918 0.2983276909526185 0.057368299463037745 0.0 0.0 1.0867122594136884 0.0
1.5753625393442752 3.859067343731981 0.31975771841186307 0.19594836627950568 0.11623077554301053 0.7022923056443808 0.7629717187010692 0.11636665216801705 0.21750786249909196 0.8110608800494685 0.10049609612705501 0.83552746213191 0.21070508350643857 0.06948057351348227 0.0 0.0 1.1236051701270857 0.0
2.2704328206532587 4.351219458811897 0.34638006024177975 0.22481653388631817 0.17468777187814763 0.8139676728681015 0.6848948531186667 0.10206513917094778 0.3058053487658384 0.7171482247236334 0.16133474533691095 0.8377088144389976 0.29957281176963724 0.1837556332689878 0.0 0.0 0.9548668022080885 0.0
2.0498605031213275 4.76990155387336 0.3010919849149879 0.247402191428192 0.15103312723570672 0.7103284706914124 0.7701539817405734 0.12204881531621586 0.21804507907677081 0.6917920653448186 0.0707088356557142 0.797620426449026 0.31524839153811646 0.1572902697014769 0.0 0.0 0.576033436322918 0.0
1.6557705232929547 4.719455086950627 0.1809045951993704 0.31673645229293457 0.11145541202908589 0.8225591794327737 0.6911702248766461 0.05740755441617642 0.1581643396825685 0.6997200752904926 0.19156662547439368 0.6992537916780864 0.26378718477187324 0.1798034100135512 0.0 0.0 1.0838375063868106 0.0
1.9745319377345316 4.930078471414155 0.31388038192186135 0.33595499918138194 0.09690683504072008 0.843688963827655 0.8312748764716309 0.175800979747258 0.25207848803229915 0.8359282970216064 0.11698962322865497 0.7343846745976224 0.2583700736853928 0.12828810051693595 0.0 0.0 0.9301747267124718 0.0
2.0142608579591283 4.5673837102243615 0.25506520097024193 0.28625348008393653 0.1492699036958194 0.6591612363684137 0.6883715775366107 0.13706289466314087 0.20945982995286838 0.7886399818874426 0.1064027672168663 0.6938816121110842 0.2787283001408685 0.0542633879340502 0.0 0.0 0.9602646470175105 0.0
1.852402566123077 3.2229995458598637 0.27536663392635163 0.2938351312543822 0.13691791058004965 0.6993307183312112 0.7604228556684944 0.07693572042023214 0.32839873553831 0.6944031906494151 0.18558471686148748 0.8023956253426877 0.3263683821065265 0.06648563533559321 0.0 0.0 1.024624298063194 0.0
2.080882623775154 3.42360551613816 0.3294403048524037 0.24540013698995605 0.16528006679736051 0.7943746683636403 0.8102977170446238 0.13617617225256784 0.24037748153577948 0.7232489868262273 0.16170159789736704 0.8392757289382704 0.34031329757283113 0.19714148472413184 0.0 0.0 0.477772130208088 0.0
1.834191141354476 4.250513496322341 0.22069653131615719 0.33924732384336254 0.17060501607624406 0.8253919713739807 0.6885595773007395 0.07470503230665371 0.24438800065500238 0.7961557652192849 0.11283887329904141 0.684294158037728 0.1770039252826769 0.10031238075591056 0.0 0.0 1.1749586652812742 0.0
1.621001178176013 3.0159121082532376 0.26783343906982354 0.19823442121822205 0.18754402502755635 0.8231940639146262 0.7393225011359308 0.11633297235386766 0.18488253779900748 0.7902929970074188 0.061704796203580076 0.8415169139656806 0.30405850713338933 0.10914290611812363 0.0 0.0 1.003332413669919 0.0
2.4143620324839685 4.747066362413591 0.28114506919633475 0.2958045507162324 0.06593562343267638 0.7897118568604516 0.7467988485520678 0.10066767620104787 0.31291916386915025 0.8117928906079367 0.14909503766265655 0.6905900074572158 0.27494780414408404 0.138837364940047 0.0 0.0 0.4124668563701519 0.0
2.00006996738127 4.995233586895877 0.28592783640142644 0.2983263663032723 0.1116183269955395 0.6792715415396604 0.7308373285894385 0.15227430087666974 0.276801519259346 0.6741257023083879 0.06539568321268044 0.7745596116478594 0.2505346956045373 0.13562424539022028 0.0 0.0 0.626974408939506 0.0
2.14464449506926 4.592262088389811 0.23847836465670683 0.2289001645355819 0.19286818814517737 0.6574729128995104 0.7209788945689547 0.1099455851528221 0.20117218630839076 0.7998965714235867 0.17599582119284873 0.6882729128802174 0.2045811727711524 0.050186646888595414 0.0 0.0 0.6761042505548857 0.0
2.129345123142609 3.9006778811923875 0.24548142868656356 0.29062596980064026 0.15100192184592443 0.6831788869586268 0.7726956450001689 0.15025104919365917 0.24140621816034083 0.7098730590787522 0.14917150589290556 0.7778862724084699 0.21852958458026958 0.09018056575983802 0.0 0.0 0.6068437388622019 0.0
1.6614943340168473 4.977055484658323 0.2265516770718103 0.23567931389256574 0.1298428192229176 0.7534460537349883 0.835961316201741 0.1481665565939835 0.28089710584758587 0.7850363922971927 0.1876696995962614 0.790629243798823 0.2626281266186269 0.1169745695840102 0.0 0.0 0.4124126877137613 0.0
1.7507099514420619 3.14494614798451 0.21016961606051596 0.29405405997361955 0.12985288961206837 0.6649424358136269 0.6778137163461342 0.12980196057584348 0.34774746956474434 0.7210026581678304 0.15119537730518406 0.8260874966222993 0.32042630897772845 0.10901444741882911 0.0 0.0 0.708506019676294 0.0
1.6767442001066735 3.077190919110468 0.32908274319880837 0.16133787093960233 0.19736524954826484 0.8043712831413473 0.8044091432138907 0.14390335680064248 0.16304099433053018 0.760155243646995 0.13566322981155202 0.7687107297475714 0.32544929056666905 0.15313516376646752 0.0 0.0 0.6764903897208461 0.0
2.4383210718902224 4.765839862487832 0.26414308481052295 0.1826365060022178 0.1360917672519248 0.6869006771041726 0.663356067269224 0.18032191359278343 0.1903523869665188 0.8194291402605713 0.1851688307576953 0.7861774851775744 0.21791794057424485 0.11888229103879408 0.0 0.0 0.4656689210941 0.0
1.7841938225050527 3.83327592860799 0.23496647269458149 0.15804483158343297 0.06490747685074348 0.7694155780500249 0.7843161558126159 0.11238193057455059 0.31605269408548264 0.7840841716131243 0.132615362174667 0.7190658352810528 0.2357407685539588 0.08756190498847086 0.0 0.0 0.6911915245606749 0.0
1.6187454660314056 3.2852393918389575 0.2847450605568785 0.27892662483072805 0.17946574213758926 0.6724645893863098 0.7643171337152703 0.1874092550522744 0.17515878190496142 0.844212980336495 0.12091879840940555 0.7041912603312952 0.34881775800948983 0.12596291576922947 0.0 0.0 0.9332171331478197 0.0
1.8654626989408003 4.791304428458348 0.23322455544073672 0.24860323465160683 0.13113726933198772 0.8481871712847079 0.6897461820650607 0.08680730332855512 0.22005597572796082 0.8310977756349189 0.19682477531892711 0.8414012998133321 0.29552408190147217 0.1192884064744099 0.0 0.0 1.1039845721997883 0.0
1.6692304299203446 3.545370539185032 0.20734286014696277 0.15582277085571855 0.11074441179890145 0.7311831321864432 0.7109535862407531 0.13557018151022318 0.3005714902903528 0.6755183911045247 0.06279504482532818 0.819973644412281 0.16437498103321366 0.08660492901854087 0.0 0.0 0.6223823341083238 0.0
2.485283868835518 4.305609992603293 0.3417079367255622 0.21524719410504617 0.1229568854516042 0.8083489426493089 0.6809058030875365 0.1132829531087223 0.3164646221106292 0.7490826291983562 0.16721291060878607 0.6659912345085608 0.24497782090468817 0.17149948391677522 0.0 0.0 0.4481934530286156 0.0
1.5747631949041292 4.7400094806448 0.2535854338868928 0.18390047986609726 0.09493245848469203 0.6583049043215623 0.6678547619023717 0.19814385829974557 0.3172319777464006 0.8122510224605948 0.19010444471283233 0.7016469177697228 0.3227314552885575 0.12886221753964677 0.0 0.0 0.8542183102082905 0.0
1.6240291610149988 4.920421712547882 0.3065434276920789 0.2808373451810735 0.10220886618584613 0.7003221379289214 0.8186807355069604 0.1522508260231018 0.18567805236454993 0.8374539423366586 0.15809233929742372 0.8046863102764978 0.30959947504327406 0.17676486657882434 0.0 0.0 0.9704980539390421 0.0
2.2729345401948673 3.319883275497401 0.3217503685381668 0.210060784309581 0.0758365294349541 0.7299132068578318 0.7510332594066512 0.09566102964642949 0.2774279616294829 0.7560213624598345 0.17904317753048277 0.7931774804838031 0.25498047507387717 0.15552953269419273 0.0 0.0 1.120662212201693 0.0
2.414347040311002 4.9618622726938 0.19470076859733382 0.34147818506751415 0.1254375643734093 0.7386574280762297 0.7510898182411812 0.14544730902171005 0.288130958686642 0.7538559939204564 0.06298137727815871 0.6989452170668853 0.270032064565006 0.1441395650656333 0.0 0.0 0.5055415231250666 0.0
1.505404897216771 4.387900840049317 0.23552153791313746 0.3160888440768921 0.18549731710496714 0.8261235978640482 0.8023185238681936 0.09661152169875578 0.3062489148231642 0.8314536615636938 0.10554057840968047 0.8128159082144277 0.1863249361323207 0.17349589327521936 0.0 0.0 0.7157705438374349 0.0
1.518104286657906 4.627068175859368 0.20372129269037575 0.1632633439327899 0.12339232140222288 0.7971619324156765 0.7961851669205117 0.10211257950112357 0.3376096120604106 0.6707069987183512 0.14855921329719607 0.7477590572667075 0.2213521265087618 0.0573027673948058 0.0 0.0 0.8877948547952721 0.0
2.4816051497713776 4.437698833449507 0.32243744619841813 0.2348520832786845 0.08122466913973006 0.6676266735901556 0.8440402401448617 0.1532451006412052 0.2642050906920203 0.6811516832054562 0.10379177591061439 0.8334444128150569 0.3039283505208129 0.09249086848887253 0.0 0.0 1.0784873066761007 0.0
2.103536850517578 4.9049372154438 0.1975686363435352 0.2956517301808959 0.16236901496758174 0.6765015073549377 0.8198745519802682 0.1328394878186207 0.21500656522241932 0.8092012261079766 0.1453398050069952 0.6930272276374659 0.2749970496809344 0.0765664938581387 0.0 0.0 0.5184140851020658 0.0
1.6517359472524806 3.771770715530948 0.2864210163172184 0.2830609597862773 0.1790418529974513 0.8165135862876428 0.7010498164412118 0.07170387858064002 0.232740673377355 0.7048226666165828 0.15818003232868322 0.8379807580270113 0.1907734417067807 0.18297062688817867 0.0 0.0 1.0674323637624012 0.0
1.5894255040943484 4.140964380582018 0.23925832893557056 0.3172502798588109 0.09165086644931322 0.7258105501619416 0.7448880476049715 0.07099766093393421 0.29346514977347027 0.7663769896757215 0.09923699679436712 0.6794955687056908 0.32541452883573974 0.16508171479671963 0.0 0.0 0.47570291823049926 0.0
2.2518551368231825 4.3737899951869466 0.28644642617216076 0.21591546551438381 0.17240403566349732 0.8209609919467118 0.7867455647391456 0.09567312949116316 0.19944889510789474 0.7944559917141347 0.15575553183027246 0.7415653017290702 0.30664590725834656 0.1452334164051709 0.0 0.0 0.7793519002734488 0.0
1.724421352868655 3.653455018845703 0.2743033703792146 0.3052412725760556 0.10245252500791746 0.6863182704879005 0.736677234202146 0.12690151033649075 0.20676719235702343 0.7204983399424697 0.07770889292974555 0.7705356724151168 0.25203630244379627 0.15677452564202457 0.0 0.0 1.1412239393902188 0.0
1.8500215705865992 3.6703508377720193 0.2833555612125047 0.23559296638217953 0.10162827224593857 0.7942829034910137 0.7987602814781264 0.09642345987505756 0.2804565471234649 0.6692295642041945 0.08118562051145592 0.7608976124696198 0.2564772301761324 0.19447762980954864 0.0 0.0 1.174949138624351 0.0
1.906258171543131 3.1619370293520177 0.21053669724811247 0.20380396952168317 0.16554144126024217 0.7486324646267117 0.8162759343607507 0.1876924606954633 0.1997360085992093 0.7445251751751769 0.14472727541470232 0.6721903625244787 0.2225621196406575 0.05182550029582532 0.0 0.0 0.7109195003164979 0.0
2.285428839830042 4.294125546950797 0.25159768261182247 0.15831511502463796 0.18318593007326073 0.8168335397900122 0.6635615327819879 0.19249203490066213 0.2606281735394762 0.6648885955843696 0.08180480087002606 0.7809018350547422 0.31120235288095577 0.13076800362806631 0.0 0.0 1.145439118454807 0.0
2.469144697064772 4.885942794777365 0.18003613989946055 0.280868929594926 0.12119385220941216 0.7012014513286495 0.6762989651104282 0.09557407344555206 0.1500975356519122 0.8196342159882318 0.062133829607122215 0.6519501028583845 0.3350798105743383 0.10880691745557602 0.0 0.0 0.4449606598473569 0.0
2.4250031743906755 3.796735790781514 0.15534696765104883 0.20232667799945162 0.19943439256917606 0.6693147153075856 0.7345325493843399 0.053413467626965 0.21462764802314177 0.7049634752788176 0.1656992406896769 0.8434220659650882 0.28826458444019654 0.05442533468803279 0.0 0.0 0.4003084538096614 0.0
1.989642274464655 3.3728172244966674 0.3106034426216858 0.1682553806012401 0.06377975401221656 0.6658770820967765 0.6695963887210556 0.19696977779577762 0.1705525995484699 0.8466710587235604 0.09284832708962755 0.6848765027824394 0.20897087687491003 0.05249858241809582 0.0 0.0 0.5068476679221166 0.0
2.3848332694362933 4.608326062773281 0.21500272241721569 0.27915374255860204 0.1057224913163836 0.8221166144612165 0.7221644155946799 0.16940772642495205 0.15127602078558194 0.6759156775321788 0.10918583727310333 0.677356801065895 0.2831733933180254 0.0699129473874496 0.0 0.0 0.7700716359481318 0.0
2.0334287232642687 4.214806376908328 0.3463641248358757 0.2609763791291779 0.09543346143929884 0.7242115107051852 0.8328498910429651 0.1218386669633906 0.2253790257457751 0.8236171865446648 0.07988404242060208 0.8445412828568151 0.2747450262193376 0.05691994235477693 0.0 0.0 0.589590501720149 0.0
1.7028947867154995 4.499357117819336 0.25742652795517157 0.24813536966064384 0.12078581338566602 0.6879913375549292 0.8450710805476593 0.08158591339410123 0.303901476363396 0.8397221432540951 0.19177207936354262 0.6566931364115373 0.25553518633428185 0.05848266090857407 0.0 0.0 0.9098003777242402 0.0
2.401993498404892 3.489830824452502 0.2778950428217436 0.3115808705063667 0.05669214684108702 0.8199978051500071 0.7872585679407328 0.14504042452205435 0.29405676090716076 0.7317089629913972 0.11427858276362073 0.7012582528318556 0.15232874357900145 0.0926401487935272 0.0 0.0 0.6605107035299816 0.0
2.160975339150389 4.63404050071579 0.3365944867430101 0.16324704241206273 0.09741245745545576 0.812713871474588 0.6806185406291575 0.07581859904374383 0.18960168317879353 0.750392791721214 0.18630195472458927 0.8403639559407996 0.2274466053040844 0.07854788751682354 0.0 0.0 0.3984619494147368 0.0
1.7423950634469636 3.763274506594784 0.17837600742791246 0.3147563321171094 0.0964793538211064 0.7307769564548298 0.7905225281506951 0.11487113097931738 0.32132939885309325 0.8133029714015966 0.07834677761650585 0.6625673273434074 0.2522085587538382 0.15015984106808183 0.0 0.0 0.41222423523850743 0.0
1.5348223480930896 4.219888794120942 0.2202201269800275 0.2527688575317276 0.15331402457472354 0.7354387506592307 0.8212515399108347 0.06790023291264408 0.22296735046276472 0.775357746655635 0.07956281915583076 0.8459875421316274 0.23057492596220627 0.12229120430111765 0.0 0.0 0.6166876787281489 0.0
1.778364013543732 3.283026713986084 0.2817427872671312 0.29071137415717696 0.1406491254238949 0.7054223290271356 0.6673991449882248 0.1630342945944735 0.22705955829789023 0.7043229755505847 0.06759003681776637 0.7444156601681808 0.3030634280333798 0.07859978805986131 0.0 0.0 0.9007922956780583 0.0
2.4311400434319506 4.7035836641512505 0.24767283361785333 0.17918815040520128 0.07584223516967825 0.7289181924709822 0.7321059348519413 0.11792076842999916 0.3126547691735861 0.6620574116430618 0.11742070614449585 0.77543247952847 0.17615327409862 0.18041971554729352 0.0 0.0 0.8983574393713005 0.0
1.8149375232840899 4.567183860905157 0.210185804939529 0.19829263621420448 0.13806814669853917 0.7159716151211597 0.7037512404068036 0.16982930595253518 0.3173842147021337 0.7145877282839187 0.110177771869438 0.662268894372736 0.32596153105698616 0.07893028456310712 0.0 0.0 0.7131628709652142 0.0
2.3655918502421014 3.1150177556882905 0.25263171784319594 0.2317290774347083 0.14361014487109364 0.8087821784104805 0.8210703679486238 0.08892996906178838 0.15304106905473078 0.6657101573124967 0.11692228997015691 0.7382411291368436 0.23595230981049325 0.18585633406038904 0.0 0.0 0.6718327196410703 0.0
1.773034423304194 4.293010121592195 0.1955142326919241 0.17208196481540622 0.18375448983666448 0.7023318575414432 0.745236348515898 0.11989970882829928 0.2275893914792682 0.7853474871678273 0.15151302752843746 0.6856812749882315 0.2494979208355132 0.13088184653469714 0.0 0.0 0.7989587943451624 0.0
2.3278343249137103 3.6947731063389515 0.17212832616885562 0.23015878706954854 0.0595370014065558 0.7020650480386191 0.6833835068586207 0.15403503618326375 0.2989009608762694 0.7372501384079783 0.1559926548968536 0.7536673560648054 0.23260557580592398 0.05297682444549662 0.0 0.0 0.5297691750582914 0.0
1.9014531519525952 4.148125926339544 0.3348595535472797 0.2959608554276532 0.16771632362112737 0.6997615916972205 0.7250936271825146 0.09862934924318106 0.2907003559061784 0.6796684270501365 0.11816721650982484 0.8123656851297487 0.18808482806294544 0.06006684235819708 0.0 0.0 0.8104289055756482 0.0
2.044975874558712 4.074801099666996 0.2982432546998623 0.2594438952959088 0.0735869884801019 0.6730754613213391 0.7805515721461583 0.09185331189070262 0.2357088198218763 0.7246677078787483 0.0948804834261035 0.7411291748393568 0.3009031183387698 0.1920870454904211 0.0 0.0 0.47650081166909597 0.0
2.3919552716192145 3.672200792772679 0.34324562367339795 0.18225021430599708 0.11979363305721846 0.7593247830510165 0.7446869369312078 0.14897424171771123 0.32908944722747896 0.7843624665714564 0.10538525513853934 0.8065020389312253 0.2576057705235 0.07500772323406947 0.0 0.0 1.0647459475832766 0.0
2.024243223438286 3.0245137661039037 0.16306794636191935 0.2962572581669372 0.08246535077343994 0.7541796206175126 0.6700184954134877 0.051031617749299124 0.26213890667814976 0.8119732421886958 0.12051355684297073 0.7954376506585479 0.1515313807180309 0.051483571271903276 0.0 0.0 0.41629963396600655 0.0
2.393314082355749 3.1080392058914725 0.28284240660231685 0.174511841374982 0.08418680692983152 0.662048347719592 0.722674077428302 0.06613393905065298 0.3311347267224595 0.8042711581648663 0.19911692571428186 0.8236446450788454 0.16568267447945123 0.13253052937235643 0.0 0.0 1.0068777004608442 0.0
1.5645811588859226 4.981109077824961 0.1827106456385056 0.17846074008002571 0.12031981364472451 0.7306416614059053 0.7992921782142103 0.09011128517830758 0.3309271897828531 0.7629069219485212 0.15110328973216317 0.8262795768077038 0.34677232039781514 0.10698439675529725 0.0 0.0 0.5690085067178098 0.0
1.8359811535787354 3.4947481376267318 0.19150824785318116 0.19215593792015556 0.1651774209972049 0.8069899833336467 0.7317682212809348 0.13366514791592773 0.3177029614384897 0.7258305857765328 0.059684462552874434 0.7529552817919967 0.2818818455460196 0.11854764501800062 0.0 0.0 0.5865539195343306 0.0
1.74835574759202 4.314708682014789 0.25816320688942607 0.3246192945776878 0.12021021991959056 0.7932199665615842 0.7994951377990019 0.18252801310207717 0.29697801369599064 0.6617974683473482 0.06785705174687315 0.7302830355673917 0.24029129559342158 0.08899048062694584 0.0 0.0 0.8145271061820141 0.0
2.141720114707553 3.7429827876838435 0.25463620565327266 0.19588645763633367 0.15475481882749828 0.7586840501102099 0.668639296467324 0.10245284763426407 0.30874287671690204 0.7024296224453629 0.1032267835426057 0.8400362373276917 0.19486614286698617 0.08935116528690179 0.0 0.0 0.4680856724917788 0.0
2.059690747910664 4.618946133026427 0.2954157247016131 0.16061960370597045 0.13139480765305595 0.6513815201560402 0.7428439947796135 0.17020893758331473 0.3257968129318914 0.8287383690964629 0.17836603673040302 0.8132355574224521 0.24428141178490687 0.10645806001711869 0.0 0.0 0.5964600982477236 0.0
1.5181193499486714 3.4623521434288915 0.22397949140911155 0.23294850507668313 0.1345782463118189 0.7651395473903284 0.708232559335166 0.06900867078512468 0.34623241275374567 0.6636944397328586 0.057225447487642966 0.7554471589965873 0.26111679450400727 0.10029978303130849 0.0 0.0 0.9230282875336473 0.0
2.205701199025372 3.962830756623926 0.3153203852520444 0.25571531408195214 0.18595675471876943 0.796142323582925 0.7714075173293721 0.1521816815720519 0.21334093182390937 0.7359045695176816 0.1881390359022886 0.7384164820936133 0.21954107118858188 0.05238644401763722 0.0 0.0 0.8868660799117805 0.0
1.885819946454819 4.773498312982777 0.16049777421029404 0.22913116805976536 0.16356710261329027 0.8291697474161007 0.671679159656476 0.18897010216839644 0.3269048073445434 0.7715766261216965 0.06252291913210595 0.8292729351644009 0.3270656438813712 0.19960274955972884 0.0 0.0 0.45555185427516165 0.0
1.8607501472119363 3.7124853921723 0.18759441945159097 0.21968152986187678 0.10036232538424818 0.706523074420065 0.6903894531858439 0.05261488471895522 0.19335455031903934 0.6741594290241638 0.11208158654824843 0.7913418844173111 0.2623067571849619 0.05156557458106714 0.0 0.0 0.9920807463794095 0.0
2.4723721707864637 4.4842535054512265 0.22773066041194237 0.28328222360290745 0.17591759364300552 0.7725971522504215 0.6677314294211115 0.12992712141358254 0.197399205383684 0.6588188646749891 0.1126141794754917 0.7844482021804818 0.22233140256758854 0.16414118530386526 0.0 0.0 0.8486821481850362 0.0
2.3493495368572788 4.688079460028789 0.1636401163963901 0.1969966686337807 0.18518345682977438 0.83907008341948 0.7597174714540526 0.1510103903071628 0.2572026513943936 0.7191632707017453 0.06196066799771681 0.7609999542032336 0.17686219768130282 0.0640792271896774 0.0 0.0 0.8183467007501029 0.0
1.9728190845691767 3.2869446555885116 0.1944564862780451 0.3488111079799968 0.054667114792097765 0.8331389518558019 0.8373110090730622 0.1669446326385383 0.28102429001057383 0.6919810512114557 0.09879766745610447 0.661183654329627 0.31462234165787495 0.09604391716417415 0.0 0.0 0.6913982987164127 0.0
1.6236475415046998 3.354568532373423 0.26688524304419553 0.33205616074732774 0.05625595562382134 0.707641035631743 0.8230187261244248 0.17667891677263003 0.25177175762530773 0.6543135205524697 0.15817179011420623 0.7511323713437026 0.21274356228177488 0.10139168353044774 0.0 0.0 1.0833332969249603 0.0
