0.07 0.12 0.03711 0.18492414895571863
0.07 0.12 0.03711 0.21807475064887186
0.07 0.13 0.0393039 0.24592328979688813
0.06 0.11 0.0333738 0.24330696272253133
0.08 0.11 0.0408633 0.2420056886095801
0.06 0.11 0.0333738 0.15822987115319934
0.08 0.12 0.0387237 0.22191824542790012
0.07 0.13 0.0393039 0.15231388090923423
0.08 0.12 0.0387237 0.15224086722370536
0.08 0.12 0.0387237 0.15876650986465463
0.08 0.13 0.0366212 0.2214138763463178
0.08 0.12 0.0387237 0.24385823633115541
0.06 0.12 0.0355938 0.23818553021215363
0.06 0.11 0.0333738 0.1863772970172909
0.08 0.12 0.0387237 0.2140067792908638
0.06 0.13 0.0378424 0.2154127338442497
0.06 0.11 0.0333738 0.21690098747921804
0.06 0.12 0.0355938 0.2437556230944722
0.08 0.11 0.0408633 0.22377843748596674
0.08 0.12 0.0387237 0.22787292156031924
0.06 0.12 0.0355938 0.2231376858139854
0.07 0.12 0.03711 0.1836756120123094
0.08 0.13 0.0366212 0.22017543986916976
0.08 0.12 0.0387237 0.15420518944190592
0.06 0.12 0.0355938 0.2387717826663582
0.07 0.11 0.0349493 0.24714586021729407
0.06 0.12 0.0355938 0.22644694589893918
0.08 0.11 0.0408633 0.1765625279957225
0.07 0.12 0.03711 0.19295336718659906
0.07 0.11 0.0349493 0.2175609729405949
0.06 0.13 0.0378424 0.23849507769366798
0.06 0.12 0.0355938 0.23597275434753137
0.06 0.13 0.0378424 0.24650392357070774
0.06 0.13 0.0378424 0.2283691855112181
0.07 0.13 0.0393039 0.1611499772929932
0.08 0.13 0.0366212 0.171180275806908
0.07 0.13 0.0393039 0.21252567481611706
0.06 0.12 0.0355938 0.15079560541266188
0.08 0.11 0.0408633 0.23735331812067956
0.06 0.13 0.0378424 0.24976167934479387
0.08 0.13 0.0366212 0.22961310441949057
0.08 0.13 0.0366212 0.19503389405961938
0.06 0.12 0.0355938 0.24885277423291616
0.08 0.12 0.0387237 0.15724730739922552
0.06 0.12 0.0355938 0.15385954595552342
0.08 0.11 0.0408633 0.2382919931243916
0.08 0.12 0.0387237 0.19166379643039952
0.06 0.12 0.0355938 0.1642619695919479
0.07 0.13 0.0393039 0.23956522142291742
0.06 0.12 0.0355938 0.1772685269592516
0.08 0.11 0.0408633 0.21528049963016468
0.07 0.12 0.03711 0.23700047403224003
0.06 0.12 0.0355938 0.2460210856273941
0.07 0.11 0.0349493 0.16599416377487006
0.08 0.11 0.0408633 0.24809311363469
0.07 0.12 0.03711 0.21939504200246585
0.07 0.12 0.03711 0.23135340879296845
0.08 0.11 0.0408633 0.22188494167247536
0.08 0.13 0.0366212 0.24524686077219002
0.06 0.12 0.0355938 0.1885885357765474
0.07 0.12 0.03711 0.2070482190291009
0.07 0.11 0.0349493 0.21868949975934737
0.08 0.12 0.0387237 0.18267275094228516
0.07 0.13 0.0393039 0.18351754188860098
0.07 0.13 0.0393039 0.15809685146760089
0.06 0.11 0.0333738 0.21470627734753983
0.08 0.11 0.0408633 0.24429713973886824
0.08 0.11 0.0408633 0.1898367895390757
0.06 0.13 0.0378424 0.16864086122483338
0.06 0.11 0.0333738 0.23041630313866404
0.06 0.13 0.0378424 0.21074031884541644
0.06 0.12 0.0355938 0.22496785589096685
0.08 0.11 0.0408633 0.1744915412226251
0.08 0.13 0.0366212 0.23170202503578954
0.08 0.12 0.0387237 0.18816372532973918
0.07 0.12 0.03711 0.21099443970604712
0.08 0.12 0.0387237 0.16415133569930423
0.08 0.11 0.0408633 0.23517918320756254
0.08 0.12 0.0387237 0.22835919304525787
0.06 0.11 0.0333738 0.15575088778441454
0.08 0.12 0.0387237 0.21465050607960975
0.06 0.11 0.0333738 0.18473865531694758
0.07 0.13 0.0393039 0.2074062963169772
0.06 0.13 0.0378424 0.20374005498334982
0.08 0.11 0.0408633 0.18361003963863398
0.06 0.13 0.0378424 0.1512256883051952
0.08 0.11 0.0408633 0.15540196029457365
0.07 0.12 0.03711 0.24905545389124806
0.07 0.13 0.0393039 0.1747374068813366
0.08 0.12 0.0387237 0.21573543410073948
0.08 0.13 0.0366212 0.1871491393841922
0.08 0.13 0.0366212 0.2309473066513214
0.07 0.12 0.03711 0.1731176071714446
0.07 0.11 0.0349493 0.1981415378311963
0.07 0.13 0.0393039 0.23867491564913884
0.07 0.13 0.0393039 0.185624269608615
0.08 0.11 0.0408633 0.22421267527256136
0.06 0.11 0.0333738 0.23440397300143948
0.06 0.13 0.0378424 0.1643472327794256
0.06 0.12 0.0355938 0.16772842661867116
