0.07 0.12 0.03711 0.24149290036628315 0.18492414895571863 0.21988266836914686 0.05256529480685004
0.07 0.12 0.03711 0.17414175617755628 0.21807475064887186 0.22353300147921618 0.05613463335060962
0.07 0.13 0.0393039 0.21984259981636817 0.24592328979688813 0.24999794890034652 0.041842285441702244
0.06 0.11 0.0333738 0.19099048527397391 0.24330696272253133 0.21771906848514125 0.0500694014688778
0.08 0.11 0.0408633 0.18556217326946 0.2420056886095801 0.1510727781645817 0.05098797078191831
0.06 0.11 0.0333738 0.1604976802615189 0.15822987115319934 0.20606541099945747 0.04025065338672003
0.08 0.12 0.0387237 0.24430483355925064 0.22191824542790012 0.23108139133625802 0.049315940448345565
0.07 0.13 0.0393039 0.17839796304763214 0.15231388090923423 0.22604836026228942 0.045876036255122134
0.08 0.12 0.0387237 0.18631773712936528 0.15224086722370536 0.194225646604528 0.040776314938005875
0.08 0.12 0.0387237 0.19584671146831945 0.15876650986465463 0.16606490332690063 0.043701926329605
0.08 0.13 0.0366212 0.23616585501275508 0.2214138763463178 0.2362847574168927 0.054051573115310704
0.08 0.12 0.0387237 0.18890321538110375 0.24385823633115541 0.20501748910470424 0.05895113317674703
0.06 0.12 0.0355938 0.20860002474474829 0.23818553021215363 0.2181957888384943 0.04182066641858592
0.06 0.11 0.0333738 0.18276823069057507 0.1863772970172909 0.23477080335122785 0.05432935369432058
0.08 0.12 0.0387237 0.1634435389479768 0.2140067792908638 0.2218233043219905 0.04315569171726433
0.06 0.13 0.0378424 0.17672550199985113 0.2154127338442497 0.1579557181292295 0.04560572404123348
0.06 0.11 0.0333738 0.24362278876601365 0.21690098747921804 0.2186086634348729 0.047252113240184045
0.06 0.12 0.0355938 0.15364839945449485 0.2437556230944722 0.2360396713845103 0.04635752960851914
0.08 0.11 0.0408633 0.2480046128737589 0.22377843748596674 0.22453404410355537 0.05566862321227476
0.08 0.12 0.0387237 0.18231555217477577 0.22787292156031924 0.2219332230685142 0.05336781050123399
0.06 0.12 0.0355938 0.22176847840312994 0.2231376858139854 0.15603678279073574 0.04946062963000359
0.07 0.12 0.03711 0.21428440635579268 0.1836756120123094 0.16370227386793634 0.05455100476141676
0.08 0.13 0.0366212 0.20729588696295412 0.22017543986916976 0.23459333263015353 0.043046253491425386
0.08 0.12 0.0387237 0.16502288036799356 0.15420518944190592 0.2293347844476769 0.049751319469537814
0.06 0.12 0.0355938 0.1690539878735722 0.2387717826663582 0.17878221682113754 0.04853880699448575
0.07 0.11 0.0349493 0.2073105106459668 0.24714586021729407 0.1503923237703936 0.05207166434939307
0.06 0.12 0.0355938 0.16833201408171747 0.22644694589893918 0.16652300088963118 0.04184690767295148
0.08 0.11 0.0408633 0.24377243550407218 0.1765625279957225 0.17096248869397948 0.05473116053838878
0.07 0.12 0.03711 0.19415385036200702 0.19295336718659906 0.23487885920593154 0.04459483662795057
0.07 0.11 0.0349493 0.23312518125209844 0.2175609729405949 0.2481900301208899 0.04748165338863182
0.06 0.13 0.0378424 0.21735541815713783 0.23849507769366798 0.22554599245749396 0.0497402191428192
0.06 0.12 0.0355938 0.19097027468605726 0.23597275434753137 0.16545229759968522 0.05667364522929346
0.06 0.13 0.0378424 0.18127122336048007 0.24650392357070774 0.2319401909609307 0.0585954999181382
0.06 0.13 0.0378424 0.21617993579721295 0.2283691855112181 0.20253260048512098 0.05362534800839366
0.07 0.13 0.0393039 0.2079452737200331 0.1611499772929932 0.21268331696317583 0.054383513125438224
0.08 0.13 0.0366212 0.226853377864907 0.171180275806908 0.23972015242620187 0.049540013698995605
0.07 0.13 0.0393039 0.2304033440508294 0.21252567481611706 0.1853482656580786 0.05892473238433626
0.06 0.12 0.0355938 0.24169601668503757 0.15079560541266188 0.20891671953491178 0.0448234421218222
0.08 0.11 0.0408633 0.1606237489551176 0.23735331812067956 0.2155725345981674 0.05458045507162324
0.06 0.13 0.0378424 0.19107888466369302 0.24976167934479387 0.21796391820071323 0.05483263663032723
0.08 0.13 0.0366212 0.2452454587634516 0.22961310441949057 0.1942391823283534 0.04789001645355819
0.08 0.13 0.0366212 0.21733461456394965 0.19503389405961938 0.19774071434328178 0.054062596980064034
0.06 0.12 0.0355938 0.20322854614861174 0.24885277423291616 0.18827583853590515 0.04856793138925657
0.08 0.12 0.0387237 0.2032352597413789 0.15724730739922552 0.180084808030258 0.05440540599736196
0.06 0.12 0.0355938 0.24824349969884324 0.15385954595552342 0.2395413715994042 0.041133787093960233
0.08 0.11 0.0408633 0.20739451150128319 0.2382919931243916 0.2070715424052615 0.04326365060022178
0.08 0.12 0.0387237 0.15993831790049567 0.19166379643039952 0.19248323634729075 0.0408044831583433
0.06 0.12 0.0355938 0.23631049475839286 0.1642619695919479 0.21737253027843925 0.05289266248307281
0.07 0.13 0.0393039 0.20409151288799182 0.23956522142291742 0.19161227772036837 0.049860323465160686
0.06 0.12 0.0355938 0.19049627453260098 0.1772685269592516 0.1786714300734814 0.040582277085571855
0.08 0.11 0.0408633 0.1986379236344028 0.21528049963016468 0.24585396836278112 0.04652471941050462
0.07 0.12 0.03711 0.17995497232312804 0.23700047403224003 0.20179271694344642 0.04339004798660973
0.06 0.12 0.0355938 0.1848059107905641 0.2460210856273941 0.22827171384603945 0.05308373451810735
0.07 0.11 0.0349493 0.16722435295663607 0.16599416377487006 0.2358751842690834 0.0460060784309581
0.08 0.11 0.0408633 0.20029170958227288 0.24809311363469 0.17235038429866692 0.059147818506751416
0.07 0.12 0.03711 0.24033154473664475 0.21939504200246585 0.19276076895656874 0.05660888440768921
0.07 0.12 0.03711 0.1989282142681486 0.23135340879296845 0.1768606463451879 0.04132633439327899
0.08 0.11 0.0408633 0.17081644609315338 0.22188494167247536 0.23621872309920908 0.04848520832786845
0.08 0.13 0.0366212 0.22491267664505452 0.24524686077219002 0.1737843181717676 0.054565173018089594
0.06 0.12 0.0355938 0.23602790199830087 0.1885885357765474 0.2182105081586092 0.05330609597862774
0.07 0.12 0.03711 0.17776724429954216 0.2070482190291009 0.19462916446778528 0.05672502798588109
0.07 0.11 0.0349493 0.23160269044233156 0.21868949975934737 0.2182232130860804 0.046591546551438386
0.08 0.12 0.0387237 0.1849683500052783 0.18267275094228516 0.2121516851896073 0.05552412725760556
0.07 0.13 0.0393039 0.18441884816395906 0.18351754188860098 0.21667778060625237 0.04855929663821795
0.07 0.13 0.0393039 0.22702762750682814 0.15809685146760089 0.18026834862405625 0.04538039695216832
0.06 0.11 0.0333738 0.2387906200488405 0.21470627734753983 0.20079884130591125 0.040831511502463794
0.08 0.11 0.0408633 0.1974625681396081 0.24429713973886824 0.16501806994973028 0.0530868929594926
0.08 0.11 0.0408633 0.24962292837945071 0.1898367895390757 0.15267348382552443 0.04523266779994516
0.06 0.13 0.0378424 0.15918650267481105 0.16864086122483338 0.23030172131084292 0.04182553806012401
0.06 0.11 0.0333738 0.18714832754425575 0.23041630313866404 0.18250136120860785 0.05291537425586021
0.06 0.13 0.0378424 0.18028897429286592 0.21074031884541644 0.24818206241793786 0.0510976379129178
0.06 0.12 0.0355938 0.1971905422571107 0.22496785589096685 0.2037132639775858 0.04981353696606439
0.08 0.11 0.0408633 0.15446143122739137 0.1744915412226251 0.2139475214108718 0.05615808705063667
0.08 0.13 0.0366212 0.18160830497030386 0.23170202503578954 0.24329724337150507 0.041324704241206274
0.08 0.12 0.0387237 0.1809862358807376 0.18816372532973918 0.16418800371395625 0.056475633211710945
0.07 0.12 0.03711 0.21887601638314905 0.21099443970604712 0.18511006349001374 0.05027688575317277
0.08 0.12 0.0387237 0.21043275028259661 0.16415133569930423 0.2158713936335656 0.054071137415717695
0.08 0.11 0.0408633 0.1672281567797855 0.23517918320756254 0.19883641680892666 0.04291881504052013
0.08 0.12 0.0387237 0.20871209779902614 0.22835919304525787 0.1800929024697645 0.04482926362142045
0.06 0.11 0.0333738 0.21240676324739577 0.15575088778441454 0.20131585892159798 0.048172907743470834
0.08 0.12 0.0387237 0.23916965989110966 0.21465050607960975 0.17275711634596208 0.04220819648154062
0.06 0.11 0.0333738 0.15635800093770388 0.18473865531694758 0.16106416308442784 0.048015878706954854
0.07 0.13 0.0393039 0.22847754908075157 0.2074062963169772 0.24242977677363986 0.05459608554276532
0.06 0.13 0.0378424 0.1657246589867346 0.20374005498334982 0.22412162734993116 0.050944389529590885
0.08 0.11 0.0408633 0.1965290887048123 0.18361003963863398 0.24662281183669899 0.04322502143059971
0.06 0.13 0.0378424 0.1716435671822933 0.1512256883051952 0.15653397318095968 0.054625725816693727
0.08 0.11 0.0408633 0.17279120461988767 0.15540196029457365 0.21642120330115844 0.0424511841374982
0.07 0.12 0.03711 0.1968798757631497 0.24905545389124806 0.1663553228192528 0.042846074008002576
0.07 0.13 0.0393039 0.22678494733146992 0.1747374068813366 0.1707541239265906 0.04421559379201556
0.08 0.12 0.0387237 0.19680681327972704 0.21573543410073948 0.20408160344471304 0.05746192945776878
0.08 0.13 0.0366212 0.21983654588499887 0.1871491393841922 0.20231810282663634 0.04458864576363337
0.08 0.13 0.0366212 0.2042632051020373 0.2309473066513214 0.22270786235080656 0.04106196037059705
0.07 0.12 0.03711 0.2063854975412126 0.1731176071714446 0.1869897457045558 0.04829485050766832
0.07 0.11 0.0349493 0.24063783647917963 0.1981415378311963 0.23266019262602222 0.05057153140819522
0.07 0.13 0.0393039 0.22571140174219353 0.23867491564913884 0.15524888710514703 0.04791311680597654
0.07 0.13 0.0393039 0.1835748835894988 0.185624269608615 0.16879720972579548 0.04696815298618768
0.08 0.11 0.0408633 0.23394506242867036 0.22421267527256136 0.18886533020597118 0.05332822236029075
0.06 0.11 0.0333738 0.24012230455318292 0.23440397300143948 0.15682005819819506 0.044699666863378076
0.06 0.13 0.0378424 0.1531114098613985 0.1643472327794256 0.17222824313902257 0.05988111079799969
0.06 0.12 0.0355938 0.15417063708254758 0.16772842661867116 0.20844262152209778 0.05820561607473278
