 seed  iterations  status     objective           primal        wall (ms)   solver(ms)  
  1        56       true    4.90771203e-01    4.70717215e-14      84.4         78.6  
  2        59       true    5.10352442e-01    4.60271469e-14      85.6         79.8  
  3        60       true    6.53443342e-01    3.66859321e-14      84.4         78.7  
  4        58       true    6.93668520e-01    4.92540037e-14      81.3         75.5  
  5        66       true    6.05557928e-01    6.57056874e-14      91.5         85.0  
  6        58       true    5.59765415e-01    4.27238540e-14      80.6         74.8  
  7        56       true    5.80402073e-01    4.49293380e-14      80.5         75.0  
  8        57       true    5.10573561e-01    4.43759612e-14      80.0         74.4  
  9        57       true    4.56169863e-01    4.43881043e-14      79.4         73.8  
 10        57       true    4.26614284e-01    6.17821766e-14      79.7         73.9  
 11        60       true    6.50124097e-01    4.08579420e-14      88.8         82.7  
 12        60       true    5.73717201e-01    5.39047973e-14      85.7         79.8  
 13        59       true    5.59864842e-01    5.22151766e-14      83.4         77.6  
 14        60       true    6.37348340e-01    5.13400086e-14      83.2         77.5  
 15        61       true    5.57531348e-01    3.99039932e-14      84.3         78.4  
 16        61       true    5.07281841e-01    6.13814555e-14      83.8         78.0  
 17        76       true    6.69644396e-01    5.21388488e-14     122.7        115.1  
 18        59       true    5.74823702e-01    4.48408671e-14      82.3         76.2  
 19        62       true    7.15709582e-01    7.33545169e-14      90.9         84.5  
 20        61       true    5.70120454e-01    4.30931332e-14      86.2         80.2  
 21        58       true    4.63181320e-01    4.24989904e-14      82.9         77.1  
 22        58       true    4.11793947e-01    6.40514931e-14      83.9         78.3  
 23        69       true    6.47704240e-01    4.94951302e-14     107.9        101.0  
 24        57       true    4.85264915e-01    5.14531993e-14      83.4         77.6  
 25        59       true    5.07361075e-01    4.35606412e-14      84.6         78.6  
 26        58       true    5.75851759e-01    5.22967086e-14      82.4         76.6  
 27        58       true    4.72221717e-01    3.31726088e-14      80.5         74.8  
 28        58       true    5.52365950e-01    5.60801405e-14      83.6         78.0  
 29        58       true    5.11390305e-01    6.97143081e-14      90.0         84.4  
 30        58       true    7.00827615e-01    4.86694018e-14      82.9         77.1  
 31        59       true    6.46268695e-01    3.94476118e-14      84.8         78.7  
 32        62       true    4.88031851e-01    6.45403869e-14      92.6         86.1  
 33        69       true    6.44787801e-01    4.22337946e-14     104.9         98.0  
 34        59       true    5.90616040e-01    5.56369187e-14      83.0         77.3  
 35        59       true    4.97032564e-01    6.09359568e-14      85.6         79.5  
 36        63       true    5.87011390e-01    3.98452972e-14      91.5         85.4  
 37        57       true    5.18997846e-01    5.27945743e-14      82.2         76.4  
 38        56       true    4.48520827e-01    4.87578727e-14      80.8         75.1  
 39        69       true    6.86809407e-01    4.80318910e-14      98.6         91.6  
 40        59       true    6.33998891e-01    3.90416866e-14      84.5         78.5  
 41        57       true    6.08939060e-01    4.76649969e-14      82.0         76.3  
 42        60       true    5.63801478e-01    4.80174169e-14      84.9         79.0  
 43        56       true    5.33907904e-01    5.21026364e-14      80.8         75.1  
 44        59       true    4.35109314e-01    6.33017808e-14      85.4         79.4  
 45        59       true    4.96047130e-01    4.90495231e-14      84.2         78.1  
 46        61       true    6.88725754e-01    6.52081538e-14      83.8         77.8  
 47        58       true    4.85364388e-01    5.33479511e-14      80.4         74.7  
 48        59       true    4.71578534e-01    5.33132566e-14      85.5         79.7  
 49        56       true    5.60725169e-01    7.36558438e-14      80.7         75.2  
 50        57       true    4.40145507e-01    4.57264435e-14      79.9         74.1  
 51        60       true    7.31176828e-01    5.48467521e-14      85.3         79.2  
 52        62       true    5.18420200e-01    4.15223411e-14      86.4         80.1  
 53        59       true    5.73909449e-01    4.19907165e-14      84.3         78.4  
 54        64       true    6.00490908e-01    3.37143508e-14      88.4         82.2  
 55        60       true    6.36792970e-01    4.97692165e-14      87.0         81.0  
 56        60       true    4.84974320e-01    4.67185156e-14      89.3         83.4  
 57        57       true    4.76493805e-01    5.47535108e-14      81.2         75.5  
 58        63       true    7.17924714e-01    5.09382643e-14      87.7         81.4  
 59        59       true    5.87356176e-01    3.93463474e-14      88.0         81.9  
 60        64       true    5.05138828e-01    6.63340910e-14      98.8         92.3  
 61        58       true    4.76439554e-01    3.66685848e-14      84.2         78.4  
 62        59       true    6.50668995e-01    5.17095047e-14      90.7         84.8  
 63        60       true    4.94841926e-01    3.93955701e-14      88.1         82.0  
 64        58       true    5.23224155e-01    5.00328945e-14      82.2         76.2  
 65        57       true    4.63824949e-01    7.20725563e-14      81.9         75.9  
 66        61       true    6.25311274e-01    7.03742620e-14      90.2         84.0  
 67        58       true    6.29759867e-01    3.83547361e-14      83.0         77.3  
 68        58       true    5.48005139e-01    3.80303428e-14      82.6         76.9  
 69        57       true    5.43844166e-01    5.62030891e-14      79.3         73.7  
 70        60       true    6.22155933e-01    5.74297554e-14      84.2         78.4  
 71        60       true    6.33007417e-01    4.08674830e-14      85.0         79.1  
 72        60       true    5.30668218e-01    5.47444035e-14      84.1         78.4  
 73        60       true    6.01521201e-01    4.89304777e-14      85.8         79.9  
 74        58       true    6.80347465e-01    6.07863369e-14      80.8         75.3  
 75        58       true    4.43687977e-01    3.95783666e-14      84.7         79.0  
 76        55       true    4.67851784e-01    5.17155763e-14      77.9         72.7  
 77        57       true    4.92295988e-01    5.14657761e-14      83.0         77.5  
 78        57       true    6.59976134e-01    5.09557674e-14      79.2         73.7  
 79        56       true    5.24571671e-01    4.23584778e-14      79.5         74.2  
 80        59       true    5.64669953e-01    4.98516159e-14      82.3         76.8  
 81        67       true    4.98118136e-01    5.40401057e-14     107.6        101.0  
 82        57       true    5.20262451e-01    5.89134861e-14      80.3         74.7  
 83        62       true    6.04168211e-01    5.34225442e-14      90.3         84.2  
 84        61       true    5.89043668e-01    4.62459931e-14      85.4         79.4  
 85        61       true    6.67197021e-01    4.75622146e-14      88.2         82.0  
 86        58       true    4.35881282e-01    3.59703586e-14      85.6         79.5  
 87        57       true    5.84129015e-01    7.33553843e-14      80.0         74.3  
 88        60       true    4.93101284e-01    5.55325100e-14      85.4         79.5  
 89        57       true    4.58657816e-01    4.77977033e-14      88.2         82.5  
 90        61       true    5.27612516e-01    4.46864767e-14      87.0         81.0  
 91        57       true    5.64271678e-01    4.53205182e-14      80.7         74.9  
 92        59       true    6.31560533e-01    4.86857733e-14      84.4         78.2  
 93        60       true    4.25039305e-01    4.15500967e-14      84.9         78.8  
 94        57       true    6.39275668e-01    7.31515543e-14      82.1         76.5  
 95        58       true    5.21559189e-01    5.45262078e-14      83.4         77.7  
 96        56       true    4.64549410e-01    4.37900584e-14      79.3         73.8  
 97        59       true    6.50634431e-01    6.37268016e-14      83.6         77.7  
 98        59       true    5.94658561e-01    5.53697713e-14      84.5         78.5  
 99        59       true    4.58024699e-01    4.22794531e-14      86.8         80.7  
 100        68       true    4.53058734e-01    5.12777355e-14     102.3         95.2  
 101        56       true    5.27619124e-01    4.63917099e-14      81.2         75.6  
 102        58       true    5.12826166e-01    6.78953421e-14      83.1         77.4  
 103        57       true    5.45795669e-01    5.16337732e-14      83.9         77.9  
 104        60       true    5.33611278e-01    4.81342396e-14      85.2         79.0  
 105        58       true    6.02394415e-01    4.20722485e-14      83.9         77.9  
 106        57       true    5.36897818e-01    3.36631764e-14      82.9         77.1  
 107        59       true    5.26503522e-01    6.58292865e-14      85.7         79.7  
 108        59       true    6.79740189e-01    6.16139084e-14      83.1         77.3  
 109        54       true    4.01455138e-01    3.91405658e-14      86.6         81.2  
 110        57       true    6.20307800e-01    6.88117098e-14      81.9         76.2  
 111        57       true    4.92130787e-01    5.01959585e-14      79.4         73.6  
 112        60       true    5.79837563e-01    5.14848580e-14      84.7         78.6  
 113        59       true    5.84226316e-01    6.51037384e-14      82.6         76.5  
 114        63       true    5.38986113e-01    3.73572701e-14      90.9         84.6  
 115        82       true    6.22119493e-01    4.73770329e-14     138.1        129.8  
 116        59       true    6.29363108e-01    4.93413903e-14      81.6         75.8  
 117        58       true    4.34194065e-01    3.74145159e-14      85.8         79.8  
 118        63       true    5.51820862e-01    6.04273576e-14      88.1         81.6  
 119        55       true    5.65466918e-01    7.12190723e-14      79.3         73.7  
 120        61       true    6.31923065e-01    5.20117803e-14      84.6         78.6  
 121        58       true    4.94736673e-01    5.43778347e-14      84.8         78.9  
 122        59       true    6.48812961e-01    5.70116870e-14      87.4         81.6  
 123        59       true    6.19588123e-01    5.45865436e-14      83.1         77.1  
 124        58       true    6.55741134e-01    5.62956799e-14      82.9         77.1  
 125        59       true    5.33061608e-01    5.35699957e-14      84.2         78.2  
 126        63       true    7.00634521e-01    5.76240444e-14      89.2         82.5  
 127        60       true    5.40505911e-01    5.11869193e-14      86.9         80.9  
 128        60       true    4.79687020e-01    4.00035907e-14      83.9         78.1  
 129        55       true    4.76504667e-01    5.46993006e-14      87.3         81.7  
 130        59       true    5.24611851e-01    4.66415101e-14      83.0         77.0  
 131        58       true    5.43103723e-01    3.90384339e-14      85.3         79.2  
 132        58       true    5.57750597e-01    5.33410122e-14      83.8         77.9  
 133        59       true    5.34632306e-01    5.24286222e-14      87.3         81.3  
 134        58       true    4.00600404e-01    4.16949461e-14      83.6         77.7  
 135        58       true    5.11589423e-01    5.05255560e-14      84.6         78.8  
 136        56       true    4.37327992e-01    3.55045854e-14      80.8         75.2  
 137        61       true    5.66473216e-01    5.05151476e-14      85.2         79.2  
 138        58       true    4.84211920e-01    5.17049240e-14      84.9         78.9  
 139        58       true    5.28143440e-01    6.14864062e-14      85.3         79.3  
 140        60       true    5.13277202e-01    5.27312569e-14      87.0         80.7  
 141        59       true    4.55237485e-01    3.54889729e-14      83.6         77.7  
 142        60       true    4.95668152e-01    7.58542534e-14      88.9         83.0  
 143        57       true    5.83064532e-01    3.89046434e-14      80.0         74.4  
 144        58       true    5.25655298e-01    5.57626861e-14      86.4         80.4  
 145        60       true    4.85675305e-01    4.42423875e-14      87.0         80.8  
 146        66       true    5.80413873e-01    4.82044960e-14      96.8         90.1  
 147        58       true    4.41765533e-01    6.06372591e-14      81.2         75.3  
 148        59       true    5.86605316e-01    6.06875661e-14      83.3         77.4  
 149        62       true    5.99152983e-01    5.17424645e-14      90.1         84.0  
 150        61       true    6.17389211e-01    4.18970414e-14      84.7         78.4  
 151        60       true    5.13577126e-01    3.93678146e-14      88.7         82.5  
 152        60       true    4.60536664e-01    6.32306707e-14      86.1         80.0  
 153        58       true    5.77454551e-01    4.70344250e-14      81.6         75.6  
 154        58       true    5.89053763e-01    4.13696855e-14      80.9         75.0  
 155        58       true    5.23205564e-01    5.23478830e-14      82.4         76.7  
 156        60       true    3.87622464e-01    4.35131532e-14      95.3         89.3  
 157        61       true    5.54665617e-01    5.22047683e-14      91.1         84.9  
 158        59       true    6.49139353e-01    5.48502216e-14      83.3         77.3  
 159        63       true    7.36500285e-01    6.85606086e-14      90.6         84.2  
 160        62       true    5.15762838e-01    6.71962486e-14      86.0         79.8  
 161        58       true    5.30006481e-01    5.97369376e-14      83.5         77.6  
 162        57       true    6.21402728e-01    5.36549971e-14      82.3         76.5  
 163        59       true    5.18919822e-01    4.71913632e-14      86.5         80.6  
 164        59       true    6.80155450e-01    3.94632244e-14      89.0         83.0  
 165        57       true    6.12370825e-01    4.56661618e-14      79.6         73.7  
 166        58       true    5.75804137e-01    5.72718956e-14      81.8         75.9  
 167        56       true    5.84404385e-01    3.81274873e-14      81.7         75.8  
 168        57       true    6.38705198e-01    4.69346784e-14      81.2         75.4  
 169        59       true    5.78444951e-01    4.88845076e-14      84.5         78.6  
 170        58       true    4.48287653e-01    4.43651192e-14      83.4         77.7  
 171        60       true    4.95794353e-01    3.79106468e-14      86.5         80.5  
 172        68       true    4.55875700e-01    4.68236561e-14     106.8         99.7  
 173        57       true    5.50041188e-01    4.31694611e-14      83.0         77.0  
 174        59       true    6.23399145e-01    4.50611770e-14      84.9         78.8  
 175        58       true    5.82744019e-01    4.71484830e-14      84.1         78.2  
 176        58       true    5.67033328e-01    5.59365922e-14      81.6         75.8  
 177        57       true    4.58350740e-01    3.27203542e-14      79.8         73.9  
 178        56       true    5.28441837e-01    5.88661064e-14      80.9         75.2  
 179        62       true    5.56693492e-01    5.69310224e-14      91.9         85.6  
 180        59       true    5.08171512e-01    5.96935695e-14      85.6         79.5  
 181        58       true    4.01944923e-01    3.59955121e-14      84.2         78.3  
 182        61       true    4.83472030e-01    5.09522979e-14      88.0         82.0  
 183        57       true    3.99125755e-01    5.40661266e-14      87.7         82.0  
 184        60       true    6.71267698e-01    4.79480821e-14      84.6         78.6  
 185        60       true    4.76815682e-01    4.70673847e-14      85.1         79.0  
 186        58       true    5.65157074e-01    5.32560107e-14      84.1         78.2  
 187        61       true    6.46639048e-01    4.97241137e-14      87.9         81.5  
 188        59       true    6.01983057e-01    4.91429814e-14      87.5         81.6  
 189        94       true    5.86213872e-01    5.93422880e-14     192.0        181.5  
 190        61       true    5.97504637e-01    4.24920515e-14      86.8         80.9  
 191        59       true    4.42121555e-01    3.36675132e-14      81.4         75.6  
 192        55       true    5.25001825e-01    5.09800535e-14      77.6         72.0  
 193        58       true    4.88912358e-01    6.45698772e-14      83.9         78.0  
 194        70       true    5.70679460e-01    4.42111625e-14     112.5        105.2  
 195        58       true    4.49497652e-01    4.76743211e-14      85.8         79.8  
 196        56       true    5.77336097e-01    6.66990877e-14      81.1         75.4  
 197        59       true    4.84570626e-01    4.96607963e-14      83.9         78.0  
 198        64       true    5.17469157e-01    4.03028305e-14      90.2         83.7  
 199        55       true    5.80593005e-01    3.69565489e-14      79.8         74.0  
 200        55       true    5.73404863e-01    5.05810671e-14      79.5         73.9  
 201        59       true    4.51978133e-01    5.49491008e-14      87.8         81.8  
 202        59       true    6.51118447e-01    4.99220755e-14      84.4         78.5  
 203        62       true    4.17142415e-01    3.48452820e-14      95.7         89.7  
 204        61       true    6.60425310e-01    6.15012454e-14      89.2         83.1  
 205        57       true    5.98432958e-01    4.60638472e-14      79.9         74.0  
 206        57       true    5.47703936e-01    6.05453188e-14      80.3         74.5  
 207        56       true    5.81138928e-01    6.03527645e-14      80.8         75.0  
 208        57       true    4.72183925e-01    5.23105864e-14      82.0         76.3  
 209        61       true    5.86922362e-01    5.73742442e-14      90.1         83.9  
 210        61       true    6.21816838e-01    3.81691206e-14      93.5         87.5  
 211        61       true    4.58222006e-01    4.30220096e-14      84.5         78.4  
 212        54       true    5.89366128e-01    3.42404056e-14      78.8         73.3  
 213        61       true    4.57891267e-01    3.71994102e-14      87.1         80.8  
 214        64       true    6.30579352e-01    3.82355822e-14      99.0         92.2  
 215        60       true    5.64935982e-01    3.56520369e-14      85.7         79.6  
 216        60       true    6.90646137e-01    4.26325641e-14      85.0         79.2  
 217        58       true    5.94506298e-01    5.81236448e-14      81.1         75.4  
 218        62       true    6.11861788e-01    5.36888242e-14      91.7         85.5  
 219        56       true    5.35028833e-01    4.63205863e-14      78.9         73.2  
 220        61       true    5.07512017e-01    3.34088226e-14      86.7         80.6  
 221        57       true    5.39264410e-01    5.01144265e-14      83.5         77.5  
 222        56       true    5.56895699e-01    6.25194341e-14      80.6         75.0  
 223        60       true    5.10791120e-01    3.41619094e-14      85.6         79.5  
 224        59       true    5.43559820e-01    3.78278138e-14      87.5         81.5  
 225        57       true    4.80614500e-01    3.77475828e-14      82.6         76.6  
 226        53       true    4.52966142e-01    4.07259404e-14      77.1         71.7  
 227        61       true    6.61320479e-01    6.42242881e-14      89.4         83.0  
 228        58       true    4.57316429e-01    5.06192310e-14      81.6         75.6  
 229        59       true    4.97665202e-01    5.14484289e-14      85.1         79.2  
 230        57       true    6.68350707e-01    6.84244328e-14      80.5         74.7  
 231        60       true    5.66484461e-01    3.23287404e-14      84.1         78.2  
 232        56       true    4.81911721e-01    4.32397174e-14      81.1         75.3  
 233        63       true    5.34497573e-01    5.75806763e-14      93.4         87.0  
 234        60       true    5.41535825e-01    4.69693728e-14      89.3         82.9  
 235        60       true    5.62200980e-01    5.74644499e-14      86.8         80.6  
 236        62       true    4.82063478e-01    4.55208787e-14      90.5         84.4  
 237        59       true    5.53809200e-01    5.15577164e-14      83.6         77.8  
 238        58       true    5.93371098e-01    3.99315997e-14      84.2         78.3  
 239        60       true    4.72225106e-01    5.40470446e-14      86.2         80.2  
 240        58       true    5.47110828e-01    4.90024687e-14      85.4         79.3  
 241        57       true    4.67498561e-01    4.00304789e-14      85.8         79.9  
 242        57       true    5.18797470e-01    5.12966405e-14      79.5         73.7  
 243        63       true    5.52008098e-01    4.26325641e-14      99.0         92.6  
 244        58       true    6.50757917e-01    4.18864162e-14      91.0         85.3  
 245        54       true    5.17112090e-01    4.19733692e-14      76.5         71.0  
 246        58       true    4.11793715e-01    4.72191730e-14      83.2         77.3  
 247        66       true    6.72552224e-01    4.23619473e-14     102.7         96.0  
 248        59       true    6.92010032e-01    4.83042426e-14      81.9         76.0  
 249        61       true    6.10235731e-01    6.29392372e-14      88.3         82.0  
 250        59       true    5.91255798e-01    6.75692141e-14      84.5         78.5  
 251        60       true    5.11108668e-01    4.79980639e-14      92.1         86.3  
 252        59       true    5.04690230e-01    5.95808125e-14      82.7         76.8  
 253        57       true    5.16776116e-01    4.78454082e-14      83.8         77.9  
 254        56       true    5.35522429e-01    3.98830274e-14      81.8         75.9  
 255        59       true    5.96717171e-01    4.68661568e-14      84.0         77.9  
 256        58       true    5.33490486e-01    4.01926756e-14      83.5         77.6  
 257        59       true    5.97937026e-01    4.60863986e-14      86.4         80.4  
 258        58       true    6.46855040e-01    4.82712828e-14      80.3         74.6  
 259        58       true    6.25816570e-01    6.21508053e-14      81.1         75.3  
 260        58       true    6.86214211e-01    4.46032100e-14      84.3         78.4  
 261        58       true    6.81208868e-01    5.36654055e-14      82.7         76.7  
 262        60       true    5.59380145e-01    5.28743715e-14      83.1         77.0  
 263        65       true    6.74139045e-01    6.16555418e-14     101.0         94.5  
 264        55       true    5.76483466e-01    6.01827616e-14      81.4         75.9  
 265        60       true    5.51711256e-01    4.26429725e-14      84.6         78.7  
 266        57       true    5.04324610e-01    4.26455746e-14      81.7         76.0  
 267        58       true    5.00514702e-01    5.58303404e-14      80.7         74.8  
 268        57       true    5.65446620e-01    5.63688094e-14      86.1         80.0  
 269        58       true    4.83116310e-01    3.42677275e-14      88.2         82.1  
 270        60       true    5.77715696e-01    4.61852778e-14      85.3         79.2  
 271        58       true    5.50550298e-01    4.69069228e-14      84.0         78.2  
 272        60       true    5.39626548e-01    5.54625790e-14      87.7         81.7  
 273        59       true    5.49511134e-01    4.62702793e-14      86.8         80.9  
 274        61       true    4.67599125e-01    4.70363765e-14      90.1         83.9  
 275        58       true    4.88572804e-01    4.85133851e-14      85.0         79.1  
 276        57       true    6.31840464e-01    5.81722170e-14      82.1         76.1  
 277        61       true    6.89403171e-01    5.05631778e-14      88.0         81.9  
 278        58       true    5.62676978e-01    5.71747510e-14      83.7         77.8  
 279        60       true    6.19376130e-01    5.61668767e-14      85.8         79.8  
 280        60       true    6.44142943e-01    6.26800044e-14      83.7         77.5  
 281        55       true    5.19921691e-01    5.07415290e-14      79.7         73.9  
 282        63       true    5.03759400e-01    6.51423360e-14      89.8         83.5  
 283        60       true    5.82551797e-01    5.03416753e-14      84.7         78.5  
 284        60       true    5.39799817e-01    5.23439798e-14      86.9         80.7  
 285        54       true    5.54685880e-01    4.61297667e-14      78.5         73.1  
 286        56       true    5.72632111e-01    5.30478439e-14      79.5         73.7  
 287        64       true    5.61392503e-01    4.85168546e-14      92.6         86.1  
 288        66       true    5.59760880e-01    4.25007252e-14      94.0         87.3  
 289        65       true    5.28182549e-01    3.55414483e-14      95.5         88.6  
 290        60       true    6.10633861e-01    3.81587123e-14      83.9         78.0  
 291        56       true    5.48652952e-01    6.09165496e-14      78.7         72.9  
 292        60       true    7.02924257e-01    4.79651041e-14      94.2         88.4  
 293        59       true    4.93011979e-01    4.24120137e-14      83.6         77.6  
 294        59       true    5.41029237e-01    3.89410726e-14      84.0         78.1  
 295        61       true    4.67359349e-01    6.05314410e-14      88.2         81.9  
 296        59       true    4.87294333e-01    5.94012686e-14      86.1         80.1  
 297        59       true    4.67300615e-01    2.84217094e-14      85.4         79.5  
 298        58       true    5.50755224e-01    4.15136675e-14      82.4         76.6  
 299        60       true    6.79242487e-01    4.58418026e-14      93.8         87.9  
 300        74       true    6.29438351e-01    6.37649655e-14     125.3        117.9  
 301        59       true    6.41242795e-01    5.20625210e-14      82.9         77.0  
 302        60       true    4.98125831e-01    8.53355870e-14      88.5         82.3  
 303        55       true    5.26591441e-01    4.73440731e-14      78.1         72.4  
 304        59       true    5.11891571e-01    4.83849072e-14      81.8         75.9  
 305        57       true    5.03029483e-01    4.03774236e-14      80.4         74.5  
 306        58       true    5.85526754e-01    5.43063858e-14      91.0         85.2  
 307        58       true    6.81331483e-01    5.41962037e-14      82.3         76.6  
 308        57       true    5.02396731e-01    5.16288401e-14      82.4         76.6  
 309        58       true    5.56763717e-01    6.25454549e-14      85.3         79.3  
 310        60       true    5.56636792e-01    5.88239852e-14      88.4         82.1  
 311        55       true    4.91864315e-01    6.10310413e-14      79.8         74.1  
 312        68       true    5.81572113e-01    5.19081306e-14     105.0         98.1  
 313        60       true    6.39025791e-01    5.58075721e-14      84.8         79.0  
 314        60       true    4.99457982e-01    5.18222618e-14      86.5         80.4  
 315        60       true    5.33233797e-01    6.85909662e-14      85.5         79.4  
 316        63       true    6.32406099e-01    4.62789529e-14      89.8         83.4  
 317        58       true    5.10585806e-01    4.36109482e-14      83.0         76.8  
 318        65       true    4.56756829e-01    4.19965712e-14      96.0         89.6  
 319        57       true    4.57932776e-01    7.11404134e-14      80.1         74.4  
 320        62       true    5.21721626e-01    5.63958602e-14      91.7         85.6  
 321        57       true    5.95139797e-01    5.97594890e-14      82.3         76.7  
 322        60       true    4.95466437e-01    4.84820517e-14      84.6         78.5  
 323        59       true    6.05611132e-01    7.24096154e-14      85.1         78.9  
 324        59       true    4.80740854e-01    5.43228657e-14      83.5         77.5  
 325        57       true    4.01938430e-01    4.25805224e-14      83.9         78.0  
 326        59       true    4.85709800e-01    6.12899488e-14      82.9         77.1  
 327        57       true    4.07551405e-01    4.33021674e-14      83.9         78.4  
 328        63       true    4.95258978e-01    7.49096965e-14      90.1         83.6  
 329        60       true    4.63730977e-01    5.11500564e-14      85.8         79.8  
 330        61       true    4.85939836e-01    4.97830943e-14      91.3         84.8  
 331        55       true    5.50213805e-01    6.78064375e-14      79.6         73.7  
 332        57       true    4.34837088e-01    4.39578929e-14      83.0         77.2  
 333        61       true    5.86324885e-01    2.87867739e-14      90.5         84.4  
 334        57       true    5.22523374e-01    5.65936187e-14      81.6         75.9  
 335        55       true    5.56573339e-01    5.75158410e-14      78.2         72.5  
 336        63       true    6.24754681e-01    4.40654457e-14      89.0         82.6  
 337        64       true    5.67872704e-01    4.14434112e-14      90.7         84.2  
 338        57       true    4.97580317e-01    5.12714871e-14      79.9         74.2  
 339        63       true    5.30073925e-01    4.86364421e-14      89.3         83.1  
 340        60       true    4.70434638e-01    5.63754772e-14      84.5         78.5  
 341        72       true    5.49267442e-01    5.46090950e-14     114.7        107.3  
 342        84       true    5.80066687e-01    4.53855703e-14     123.4        114.6  
 343        55       true    5.99010079e-01    5.37755604e-14      79.9         74.1  
 344        56       true    5.04094451e-01    3.69383343e-14      79.4         73.6  
 345        61       true    6.90015938e-01    7.76861214e-14      88.2         82.0  
 346        57       true    5.38502986e-01    4.49293380e-14      82.7         76.9  
 347        58       true    5.95313231e-01    4.63691585e-14      90.6         84.9  
 348        56       true    6.32159205e-01    4.46370371e-14      80.6         74.9  
 349        59       true    5.77140876e-01    5.19775195e-14      82.8         76.6  
 350        58       true    4.64135192e-01    7.01574215e-14      84.4         78.5  
 351        59       true    6.50469680e-01    4.87461634e-14      85.3         79.1  
 352        62       true    7.33500481e-01    5.24424254e-14      87.8         81.6  
 353        60       true    4.99235579e-01    5.03124018e-14      85.1         79.1  
 354        61       true    6.87110680e-01    5.83560977e-14      94.4         88.4  
 355        57       true    5.57927188e-01    6.65786870e-14      79.5         73.7  
 356        60       true    4.78299807e-01    4.41729986e-14      86.4         80.4  
 357        57       true    5.56007835e-01    4.75179791e-14      80.3         74.5  
 358        54       true    5.87646238e-01    4.85978445e-14      77.4         71.7  
 359        58       true    4.63302221e-01    3.84125240e-14      81.9         76.1  
 360        57       true    5.37125307e-01    4.28893032e-14      83.0         77.4  
 361        57       true    5.38591337e-01    5.87098729e-14      90.2         84.5  
 362        58       true    5.90523297e-01    4.37323788e-14      86.5         80.5  
 363        59       true    4.99140175e-01    5.70203607e-14      84.5         78.4  
 364        53       true    4.94003543e-01    4.44123904e-14      77.7         72.1  
 365        54       true    4.89358759e-01    5.53695002e-14      77.0         71.4  
 366        61       true    5.62157162e-01    4.91846147e-14      85.3         79.2  
 367        60       true    5.49631479e-01    4.93736996e-14      86.7         80.6  
 368        59       true    6.26728008e-01    4.48235199e-14      96.8         90.9  
 369        58       true    4.58223665e-01    4.98987651e-14      80.8         75.0  
 370        60       true    5.63696415e-01    5.71743174e-14      84.2         78.3  
 371        65       true    5.29930221e-01    4.59670144e-14      94.3         87.7  
 372        66       true    6.37489971e-01    5.94229527e-14      93.7         86.9  
 373        61       true    6.18579827e-01    3.81929731e-14      87.7         81.6  
 374        60       true    5.25496453e-01    4.11996826e-14      93.4         87.4  
 375        58       true    4.48955555e-01    5.19410903e-14      80.5         74.8  
 376        62       true    7.36081586e-01    3.48714113e-14      88.7         82.4  
 377        57       true    4.63796166e-01    4.88185881e-14      80.7         74.8  
 378        60       true    5.01058967e-01    5.17520055e-14      87.0         80.8  
 379        58       true    5.00091628e-01    5.37677541e-14      84.6         78.5  
 380        60       true    6.66388509e-01    3.92394450e-14      85.7         79.6  
 381        57       true    6.10841512e-01    6.87262747e-14      80.0         74.1  
 382        67       true    6.04270191e-01    6.02712324e-14      94.1         87.6  
 383        67       true    5.89812312e-01    4.54697044e-14      96.4         89.8  
 384        57       true    5.03868831e-01    5.55835759e-14      79.8         74.0  
 385        58       true    4.66165047e-01    3.30464822e-14      84.7         78.8  
 386        55       true    5.47970602e-01    5.65146888e-14      78.3         72.5  
 387        63       true    6.80988654e-01    5.36992326e-14      90.8         84.2  
 388        56       true    5.73865761e-01    4.58365984e-14      81.4         75.7  
 389        57       true    5.26379658e-01    4.54957252e-14      81.9         76.2  
 390        59       true    5.31345217e-01    5.59951391e-14      84.9         79.1  
 391        58       true    5.22614072e-01    3.57977537e-14      83.4         77.8  
 392        60       true    5.78716302e-01    7.83227649e-14      90.4         84.6  
 393        60       true    5.82977154e-01    5.83478578e-14      82.6         76.8  
 394        60       true    5.12728494e-01    4.79755125e-14      88.6         82.7  
 395        58       true    4.50754403e-01    4.11233547e-14      83.6         77.9  
 396        60       true    6.89953287e-01    4.37878900e-14      83.9         78.1  
 397        62       true    5.57869861e-01    5.61744661e-14      87.2         81.0  
 398        58       true    5.06912990e-01    4.25753183e-14      81.5         75.5  
 399        59       true    5.87885999e-01    6.40147657e-14      83.4         77.2  
 400        57       true    5.61373799e-01    6.87355988e-14      82.2         76.3  
 401        81       true    4.96137374e-01    5.30595533e-14     148.5        139.5  
 402        61       true    6.31573918e-01    3.31975116e-14      90.9         84.8  
 403        62       true    5.46427206e-01    5.50132856e-14      86.9         80.6  
 404        61       true    6.38512651e-01    3.89840070e-14      85.6         79.5  
 405        57       true    5.20288439e-01    5.12766912e-14      80.8         75.1  
 406        61       true    5.34174320e-01    4.30983374e-14      95.2         88.8  
 407        59       true    5.87128853e-01    5.52110441e-14      83.8         77.9  
 408        64       true    6.16600386e-01    4.85930740e-14      92.8         86.5  
 409        58       true    5.63584361e-01    5.87382790e-14      80.7         74.9  
 410        57       true    4.80215272e-01    5.13339371e-14      85.9         80.1  
 411        58       true    5.77249416e-01    5.19827237e-14      83.6         77.7  
 412        59       true    4.61601594e-01    4.78835721e-14      86.6         80.6  
 413        57       true    5.84829327e-01    5.94350957e-14      82.9         77.0  
 414        60       true    5.96529013e-01    3.73256114e-14      88.9         82.7  
 415        62       true    4.25415880e-01    4.26325641e-14      88.8         82.6  
 416        58       true    5.08760941e-01    6.58917365e-14      86.7         80.9  
 417        59       true    5.14334361e-01    4.90701230e-14      84.8         78.8  
 418        56       true    5.31581442e-01    5.34815248e-14      82.1         76.3  
 419        59       true    5.59507288e-01    5.77784348e-14      85.7         79.6  
 420        60       true    4.26954505e-01    3.67815587e-14      84.9         78.9  
 421        59       true    5.27659222e-01    4.91291036e-14      85.9         79.8  
 422        59       true    5.96357155e-01    3.88998729e-14      85.9         80.0  
 423        58       true    5.99984348e-01    3.93916670e-14      80.8         75.2  
 424        54       true    4.59754025e-01    5.26662047e-14      78.5         73.0  
 425        62       true    5.87643404e-01    7.53459795e-14      85.8         79.5  
 426        60       true    4.65352653e-01    3.76143968e-14      85.9         79.6  
 427        61       true    6.32305107e-01    5.41129641e-14      88.9         82.6  
 428        60       true    4.42214728e-01    3.08017500e-14      86.7         80.6  
 429        68       true    5.01797963e-01    5.24406907e-14      99.4         92.4  
 430        59       true    6.99053844e-01    5.36983652e-14      85.1         79.3  
 431        62       true    5.27181371e-01    6.89864832e-14      89.5         83.2  
 432        61       true    6.45783483e-01    5.73187331e-14      87.7         81.4  
 433        58       true    5.04730764e-01    5.62805011e-14      86.9         80.9  
 434        60       true    6.39847228e-01    3.91665866e-14      85.6         79.4  
 435        57       true    4.81027868e-01    3.96570797e-14      79.5         73.7  
 436        57       true    4.76324308e-01    5.96814265e-14      81.2         75.5  
 437        59       true    5.96109662e-01    5.17858326e-14      84.8         79.1  
 438        58       true    5.42118454e-01    5.86379903e-14      82.0         76.1  
 439        59       true    5.29473332e-01    3.97945565e-14      85.5         79.4  
 440        58       true    6.22470405e-01    6.31691964e-14      88.3         82.2  
 441        62       true    4.63371762e-01    5.67159167e-14      90.3         83.8  
 442        61       true    5.97824862e-01    4.21459742e-14      88.5         82.2  
 443        72       true    5.41133542e-01    4.67118477e-14     111.1        103.9  
 444        61       true    6.53598038e-01    5.41268419e-14      93.7         87.5  
 445        56       true    6.14806225e-01    4.86971574e-14      81.0         75.2  
 446        59       true    4.81691649e-01    4.23428653e-14      86.3         80.1  
 447        59       true    4.48563552e-01    6.26040018e-14      84.1         78.1  
 448        61       true    5.95849590e-01    4.25100493e-14      87.6         81.3  
 449        58       true    5.62727728e-01    4.38399317e-14      83.7         77.8  
 450        62       true    6.10761238e-01    7.59132340e-14      86.4         80.3  
 451        59       true    6.88862344e-01    5.77350667e-14      88.9         83.2  
 452        61       true    5.37043086e-01    4.95645192e-14      88.7         82.6  
 453        59       true    4.92327305e-01    6.23520333e-14      85.6         79.5  
 454        55       true    5.01084152e-01    5.53706386e-14      78.6         73.0  
 455        63       true    5.19798934e-01    4.06535157e-14      94.0         87.5  
 456        56       true    5.05345024e-01    5.35630568e-14      82.1         76.4  
 457        57       true    5.27096516e-01    4.69025860e-14      82.5         76.8  
 458        61       true    6.57368670e-01    4.97015623e-14      95.6         89.6  
 459        58       true    5.52006938e-01    4.79223556e-14      83.1         77.3  
 460        59       true    6.44142215e-01    4.32908917e-14      86.5         80.4  
 461        64       true    6.05814489e-01    5.43193962e-14      93.3         86.8  
 462        56       true    5.60952728e-01    5.31623356e-14      81.4         75.7  
 463        59       true    6.78602736e-01    5.75494513e-14      85.0         79.2  
 464        59       true    5.04742467e-01    4.16385676e-14      85.3         79.5  
 465        59       true    5.01177281e-01    3.90833199e-14      91.1         85.3  
 466        59       true    5.66161781e-01    5.26627353e-14      85.3         79.3  
 467        61       true    7.12217386e-01    4.86884838e-14      84.6         78.4  
 468        60       true    4.30636474e-01    7.39531557e-14      88.5         82.3  
 469        59       true    4.98264543e-01    4.34808439e-14      86.1         79.9  
 470        63       true    6.95858854e-01    5.34832595e-14      95.8         89.2  
 471        59       true    5.88311069e-01    5.34572386e-14      87.5         81.5  
 472        58       true    7.06460904e-01    4.16014337e-14      92.2         86.4  
 473        58       true    5.22992863e-01    4.06272238e-14      86.3         80.4  
 474        58       true    5.12076585e-01    4.51201576e-14      84.4         78.6  
 475        59       true    6.60515846e-01    4.28580782e-14      85.4         79.4  
 476        57       true    5.03524546e-01    3.41809914e-14      80.5         74.6  
 477        56       true    5.69075657e-01    3.74544146e-14      80.4         74.6  
 478        58       true    6.11403452e-01    3.49321266e-14      80.5         74.7  
 479        59       true    5.10469469e-01    7.01565542e-14      92.0         86.2  
 480        57       true    4.27883289e-01    6.14603854e-14      83.5         77.8  
 481        56       true    4.72991920e-01    3.70497903e-14      82.0         76.2  
 482        62       true    5.94679251e-01    6.61016381e-14      88.7         82.4  
 483        57       true    4.96301467e-01    3.26952007e-14      80.7         74.8  
 484        55       true    4.89015233e-01    6.07812412e-14      80.9         75.1  
 485        55       true    6.39564829e-01    4.48637438e-14      79.4         73.9  
 486        59       true    5.05837847e-01    3.67796071e-14      88.9         83.0  
 487        56       true    4.93654482e-01    4.71983563e-14      78.8         73.1  
 488        64       true    6.56020271e-01    4.70474354e-14      94.8         88.2  
 489        62       true    6.53330212e-01    4.09516171e-14      87.2         80.9  
 490        60       true    5.59816637e-01    5.07366501e-14      89.2         83.0  
 491        56       true    5.90662936e-01    6.53437418e-14      78.5         72.8  
 492        56       true    5.70417502e-01    4.26325641e-14      80.0         74.3  
 493        61       true    6.27254625e-01    5.49109369e-14      85.2         79.2  
 494        59       true    5.58610650e-01    5.01196307e-14      81.7         75.8  
 495        56       true    4.36490316e-01    4.53791735e-14      80.7         74.8  
 496        61       true    5.83165617e-01    5.94420346e-14      87.6         81.3  
 497        58       true    7.00092239e-01    7.08166165e-14      83.5         77.4  
 498        59       true    5.61524560e-01    5.46021561e-14      84.9         78.8  
 499        61       true    5.53208367e-01    6.17253644e-14      85.7         79.5  
 500        58       true    5.32296848e-01    6.59697991e-14      83.1         77.2  
