1 3000 false 1595.5852733369513 0.06325113046472501
2 3000 false 1725.8352139633018 0.0008166249058505493
3 1284 true 1727.4741909913587 1.5143385989623764e-07
4 512 true 1727.3795473611901 1.5117788132457008e-07
5 1302 true 1727.329253824636 1.5117027829524884e-07
6 3000 false 1580.4320385089811 0.07055458781036236
7 799 true 1727.3958057147233 1.511781322349725e-07
8 3000 false 1579.4237134372986 0.07099232783588012
9 3000 false 1580.6273938464394 0.07046790966039729
10 439 true 1727.3358565078227 1.511845477697443e-07
11 3000 false 1727.351411564152 1.5860210205609335e-05
12 3000 false 1583.3656071347802 0.06923200125969918
13 3000 false 1722.3985036106785 0.00267451365188176
14 3000 false 1580.4096669132532 0.07057420079778011
15 3000 false 1581.8145109062982 0.06992307578110823
16 169 true 1727.334767440174 1.511729643688477e-07
17 3000 false 1725.8356960779913 0.0008166930798836346
18 3000 false 1582.1417168932905 0.06977231936836127
19 3000 false 1722.4149922294039 0.0026728115021619203
20 3000 false 1582.2324216055376 0.06973834595410162
21 3000 false 1584.6110649853542 0.06869995635080148
22 3000 false 1582.970236384788 0.06943215349111707
23 3000 false 1727.3386136862707 0.00010479526387685567
24 3000 false 1725.8641500988633 0.0008167246506589628
25 3000 false 1584.272003839709 0.06885233506459931
26 148 true 1727.3313177557864 1.5116837248639966e-07
27 3000 false 1584.3361630973056 0.06882238391398257
28 3000 false 1725.9123307718578 0.0008167173944706455
29 3000 false 1725.8358294860232 0.0008166698938072424
30 919 true 1727.402039166972 1.5118523388757693e-07
31 3000 false 1725.814521174042 0.0008165702631672818
32 3000 false 1584.6753140876087 0.06867492179423994
33 3000 false 1725.8234329613445 0.0008166604314245875
34 3000 false 1583.0151796472665 0.06939701220942522
35 3000 false 1580.27621940979 0.07061461214424324
36 3000 false 1579.8673898383681 0.07086098806658624
37 3000 false 1732.9538884708531 0.0026784220253910362
38 3000 false 1725.9285148340455 0.0008166156035402936
39 3000 false 1722.39417712075 0.0026747914771516616
40 3000 false 1597.0655308053122 0.062439661387877717
41 3000 false 1727.4004237756649 1.5863502610180553e-05
42 3000 false 1582.0980078417815 0.06980607614686371
43 331 true 1727.3651909430873 1.511686864574858e-07
44 3000 false 1581.349519400668 0.07014734215260954
45 552 true 1727.394598376516 1.5118959262317275e-07
46 298 true 1727.369565657903 1.5117752782954993e-07
47 3000 false 1725.8969239750077 0.0008166673803371436
48 3000 false 1727.4281044242343 1.5863981255082028e-05
49 3000 false 1727.4049826323198 1.5863010665029258e-05
50 3000 false 1582.1731152126024 0.06978068546934102
51 1436 true 1727.3969092320783 1.511864196057604e-07
52 3000 false 1583.3346933855357 0.06926679651051956
53 3000 false 1582.520914083127 0.06960751614983281
54 551 true 1727.3839116305842 1.511918530372486e-07
55 3000 false 1584.7884727718015 0.06862346958288333
56 2422 true 1727.4464187621309 4.771547661430731e-07
57 3000 false 1725.9425738616508 0.0008169232906454219
58 3000 false 1725.8129374090126 0.0008165986703718713
59 3000 false 1584.6360324022264 0.06868582902459797
60 3000 false 1581.0772244652117 0.07025794114875578
61 3000 false 1582.6329097536568 0.06957091279646055
62 410 true 1727.3778654681232 1.5118034424332563e-07
63 3000 false 1581.1049391212835 0.07024433120145757
64 3000 false 1725.8483516279393 0.0008167369527041223
65 3000 false 1725.893248122856 0.0008168462978159763
66 3000 false 1595.7532199876478 0.06476103428176548
67 3000 false 1584.936729181447 0.06855098823256522
68 400 true 1727.3249103607834 1.5117456841906004e-07
69 3000 false 1579.8690419944767 0.07078525646639242
70 3000 false 1583.8573773773649 0.06903034519457858
71 647 true 1727.4044979354278 1.5118439233852313e-07
72 3000 false 1582.8357184540462 0.06946700209863635
73 3000 false 1725.869298235343 0.0008166520245929115
74 683 true 1727.4013027193696 1.5118231533328524e-07
75 3000 false 1583.0911194860998 0.06936599302226851
76 3000 false 1725.8804085987022 0.0008168190446597995
77 3000 false 1580.276857818956 0.0706143865007101
78 3000 false 1727.4467110605178 1.585479649812704e-05
79 3000 false 1583.8878908623378 0.06901974775709015
80 3000 false 1725.891346128418 0.0008168140166282539
81 3000 false 1725.894933196359 0.0008168069240235278
82 3000 false 1725.8845908237156 0.0008167356150448062
83 693 true 1727.4011790144725 1.5118274254710284e-07
84 3000 false 1581.3563374997939 0.07012382224902879
85 3000 false 1579.7833828027296 0.07082254598747073
86 3000 false 1581.9396037256868 0.06987898450959797
87 2169 true 1727.4646338359746 3.431091329941794e-07
88 3000 false 1722.4262354366626 0.0026821062208008946
89 3000 false 1582.3560323758034 0.06969317896591785
90 370 true 1727.372630557125 1.5117540930198173e-07
91 3000 false 1581.6458824276951 0.07001000359031906
92 3000 false 1582.4576804924218 0.06968845841732405
93 3000 false 1581.7037133308165 0.06998594810291454
94 478 true 1727.3872675363318 1.511849059276892e-07
95 209 true 1727.3367366729985 1.5116814422454352e-07
96 3000 false 1725.8806798587402 0.0008167108626093705
97 3000 false 1583.3998221478125 0.06922483005659072
98 916 true 1727.333261387704 1.5117138452147627e-07
99 3000 false 1581.9325871768312 0.06989551322585852
100 3000 false 1725.8778150485061 0.0008167082283625504
