1 1343 true 0.23603413468629333 6.866078214888716e-07
2 728 true 0.304109183414636 7.34707093933168e-05
3 737 true 0.4265429108605577 7.53852205762548e-05
4 621 true 0.40566163703336855 6.473064082922619e-05
5 1186 true 0.3025182419668304 9.909664307833246e-05
6 2000 false 10.323362304604279 0.049642039041475905
7 767 true 0.3298104146838461 8.28616677852698e-05
8 2000 false 30.67790686416189 0.07760671685748649
9 2000 false -0.5345938953898539 0.17242129813104443
10 2000 false 10.922303643574796 0.025618356694140587
11 863 true 0.3359700401373862 5.887730649402401e-05
12 1090 true 0.19188652849090224 5.783594283953525e-05
13 663 true 0.34704142257756515 9.478592145676947e-05
14 642 true 0.5735412277346933 8.472784681672482e-05
15 1598 true 0.30454187650204795 3.665720660072647e-05
16 1348 true 0.09636201162455534 2.3536057731173122e-06
17 683 true 0.3341461446889022 9.207022653866594e-05
18 566 true 0.3902034722276613 6.669180461050076e-05
19 756 true 0.3610432502375659 3.610386494519915e-05
20 953 true 0.3411165022046568 8.926644380413343e-05
21 1425 true 0.05366530841978739 4.676000500187643e-06
22 1250 true 0.014399065388086926 3.6067043644803806e-06
23 767 true 0.3576214685813246 4.8986650361142085e-05
24 1043 true 1.6722166985941436 1.519015838888013e-05
25 1708 true 0.3002846799773143 1.533396486257934e-06
26 1854 true 0.2879991320319507 2.0829166651103428e-06
27 1653 true 0.5134388632420582 6.589971939383834e-06
28 1017 true 0.2062506287811393 4.071896596716318e-07
29 2000 false 2.189062103930448 0.0455339751373719
30 615 true 0.3636857336626493 7.479403252323191e-05
31 738 true 0.37089076515427877 5.907641352773457e-05
32 1403 true 0.12520553731858594 8.521324914539101e-06
33 542 true 0.3963032318268289 4.8707010223498575e-05
34 1081 true 0.34829793357854677 7.498828366805294e-05
35 1085 true 0.1835595672439902 7.499234346806305e-05
36 2000 false -10.967128490505473 0.12801990314075157
37 859 true 0.265273521749044 4.312079109274096e-06
38 834 true 0.1615467205399985 3.02447334305831e-06
39 570 true 0.377607846584192 5.4572593768765e-05
40 988 true 0.40099303870539243 8.074379660161168e-05
41 740 true 0.3185119381311108 9.078845076335618e-05
42 1371 true 0.2494747750803646 9.920548646592567e-05
43 1068 true 0.333997119058557 1.3770583121328445e-06
44 2000 false 0.15057968920781392 0.00038374088130441365
45 2000 false 10.422415708744335 0.022531772019516023
46 781 true 1.0120728076721266 1.3123857460383814e-05
47 1253 true 0.22822144804183758 8.852544881539752e-05
48 2000 false 1.421247126738947 0.05881400450036153
49 1318 true 0.33227582044230813 8.213494230246103e-05
50 2000 false 3.833210102207042 0.04187366551996675
51 602 true 0.3711339593313518 7.168647767845413e-05
52 800 true 0.32273247415475953 7.19299787356126e-05
53 1348 true 0.3971822820590344 2.1513107201181602e-05
54 595 true 0.11555231230953487 7.374329516414302e-05
55 734 true 0.33190540782915645 5.637039512026411e-05
56 1644 true 0.2715671473042199 1.1592172801148937e-06
57 2000 false 0.28021227381643987 0.0003333203902026335
58 628 true 0.36745930622376755 5.5635893691574044e-05
59 982 true 0.32148285834184853 1.0566579822675597e-05
60 2000 false 9.947041425304803 0.05543822222127452
61 1323 true 0.2521175883321191 1.670880353575588e-06
62 606 true 0.32998689808409126 4.74651606177155e-05
63 1528 true 0.2268051837252511 7.011464313410056e-06
64 1616 true 0.24053014881848317 5.7236857204347406e-05
65 2000 false 0.16014113231526078 0.000341695561355091
66 825 true 0.29704245607075913 8.954776701850989e-05
67 1050 true 0.34099606835167723 3.359363133152788e-05
68 1110 true 0.20185430134001806 2.26262896719348e-06
69 1005 true 0.22359375277166968 1.7440548556481556e-05
70 874 true 0.31601473955337195 3.897325013352179e-05
71 777 true 0.33663479942254154 2.7894974136161267e-05
72 1469 true 0.304260447132449 7.600379046131261e-05
73 942 true 0.8656043425787784 2.5984820773430785e-05
74 2000 false -4.5810392713670245 11.587815106436425
75 2000 false 0.14430054756074195 0.00046409462800392487
76 2000 false 0.7910283427669762 0.00637184336248033
77 974 true 0.19072495063558367 7.517606761338249e-05
78 1439 true 0.34684522910736043 8.969554392676431e-05
79 1657 true 0.2867706686764452 1.1222210537739711e-06
80 2000 false 3.300583752846232 0.09668285717870309
81 1297 true 0.10882707271546155 2.7243970045942655e-06
82 1041 true 0.2000621530894958 1.3250674295044224e-10
83 831 true 0.31191016059567606 4.9929813315344796e-05
84 671 true 0.29475215570473623 5.218462782981526e-05
85 716 true 0.28929533714155403 1.1088299528972446e-05
86 1857 true 0.047706981827653906 3.4405176900734788e-06
87 596 true 0.19252754709203804 4.2107685596358306e-05
88 1344 true 0.38470346245692694 7.621038527902093e-06
89 2000 false 0.41011196012395507 0.0003526146604810149
90 2000 false 4.613396412106034 0.061321984758546694
91 1275 true 0.23680185437163007 9.921090767961614e-05
92 558 true 0.35252232264207517 6.174796051508472e-05
93 2000 false 0.17417790717021217 0.00035148414222327835
94 726 true 0.2928338656047307 6.552523113805564e-05
95 2000 false 0.26094536705566646 0.0003723900431079017
96 2000 false 5.328640556190068 0.15202638162093807
97 828 true 0.31317094824507197 2.7118338651305847e-05
98 876 true 0.2832165351267109 8.943770381665559e-07
99 815 true 1.5138834546395326 1.8214930140765518e-05
100 1133 true 0.1958808055118605 1.4061484209531734e-06
