1 158 true 0.2703407013806832 1.7625057886494492e-09
2 152 true 0.3557322204062596 2.620894605624043e-09
3 98 true 0.45871746779937345 2.0782377590291906e-09
4 98 true 0.40829916556409507 1.518894774705987e-09
5 528 false 0.3380387654674663 2.2903667064735904e-10
6 190 true 0.22029917653097164 7.779524724709845e-10
7 126 true 0.37915022093186873 2.0793923976751635e-09
8 157 true 0.21356278351036254 1.0427632690348805e-09
9 194 true 0.18387628256874805 6.476989719251903e-09
10 666 true 0.10948267306468201 8.172171845607924e-12
11 156 true 0.3940754671509432 1.0173969478086826e-10
12 141 true 0.38080603803298235 1.646192073223585e-10
13 109 true 0.3901203112284098 2.3815257753513e-09
14 169 true 0.32335435043869404 1.0110855574774273e-09
15 160 true 0.3521656712503303 1.8917477551343294e-09
16 1146 false 0.29887737064642655 1.8160673588290755e-10
17 175 true 0.3667823528659885 7.521608167403855e-11
18 151 true 0.44613295781338086 2.5690336556048262e-09
19 157 true 0.3849766145517134 7.158827664374701e-11
20 122 true 0.37234506959403635 2.053072104177094e-09
21 582 true 0.13529373765002534 9.761809571659164e-11
22 518 false 0.14807336508592195 5.9053304867750385e-12
23 150 true 0.38386687459015534 9.408773622828633e-11
24 141 true 0.2167316779508325 1.9583043204369647e-09
25 485 false 0.35715337083656995 2.0263525521481422e-10
26 482 false 0.3314421742316273 1.1278028443615502e-10
27 754 false 0.36465163733633266 3.1201154342623554e-11
28 260 true 0.23033823731028588 1.0064239541178744e-09
29 153 true 0.31090665423777347 1.7805391572280203e-09
30 129 false 0.4059317450225234 8.180283785595711e-11
31 102 true 0.4116677446471423 1.8395617642226195e-09
32 533 false 0.3048820476564701 5.554121294277723e-10
33 113 true 0.4307994758000681 1.8917719525340452e-09
34 134 true 0.34940844136125293 1.3018619943649946e-10
35 149 true 0.2193436165906178 1.0249604756016123e-09
36 169 true 0.2787986883789444 8.907691293982419e-10
37 450 false 0.3013202245988248 2.527191512206734e-10
38 162 true 0.1879848845235732 1.3599300641752162e-09
39 108 true 0.3939906074366987 1.436520424656987e-09
40 103 true 0.41886838930352455 1.9049597603350708e-09
41 176 true 0.35747336811590585 1.889989157438779e-09
42 161 true 0.29147164386236685 7.584631447063451e-11
43 394 false 0.37514888205375846 2.2570523965365077e-10
44 397 false 0.18834010290175598 3.0486649685334045e-10
45 135 true 0.22214723794427982 8.820128114432823e-10
46 137 true 0.40770469610797244 1.5766144926655932e-09
47 217 true 0.27549580421820535 2.2622702016240342e-09
48 155 true 0.224831857558362 1.3732934915190386e-09
49 229 true 0.3777031140088969 2.9135389459830913e-09
50 1147 false 0.22117378806084573 1.7286179535134023e-10
51 143 true 0.393210641328067 6.481666325464098e-11
52 294 true 0.37324704646329326 3.6014210515306974e-09
53 121 true 0.4140631175170915 2.2577446882061096e-09
54 163 true 0.2693918746173575 7.625550699185902e-11
55 140 true 0.3679178303072416 1.3321218529415565e-10
56 1198 false 0.3136112317169831 3.2075807888126005e-10
57 898 true 0.3287062738370336 3.8587698866655523e-10
58 120 true 0.401362537698524 1.3347498001099053e-09
59 385 false 0.34945320845992517 2.021329394848934e-10
60 144 true 0.2884963075555713 1.7323204590541585e-09
61 857 false 0.3000499064068484 1.437876335203069e-10
62 190 true 0.3703086044160604 2.5609592674281545e-09
63 170 true 0.27044860827799994 1.6156271615029376e-09
64 153 true 0.2812207148582747 1.3623036377557742e-09
65 573 false 0.18560490889942685 1.8157661151514683e-10
66 182 true 0.3397437693024511 8.344224212505915e-11
67 133 false 0.3478741908451029 1.5470837720497617e-10
68 808 false 0.2397144429859844 1.339314562119054e-10
69 151 true 0.2625517625276758 5.446845395003497e-10
70 178 true 0.3478645303798122 1.6517250907284873e-09
71 150 true 0.383750512599972 1.551068603783887e-09
72 259 true 0.3539627410629729 2.7178802624507617e-09
73 153 true 0.2754465321920059 7.966818192280541e-10
74 107 true 0.43228296009021655 1.7148070317506914e-09
75 836 false 0.18020988295345752 1.9732920030048066e-10
76 821 true 0.3038210933268414 1.57661205043156e-10
77 169 true 0.2296071923864697 1.1334497910293758e-09
78 155 true 0.3927124063840543 1.580093538340044e-09
79 951 false 0.3292635697020038 7.622422687900272e-11
80 154 true 0.21056378564228195 5.871215273138415e-10
81 596 true 0.3114802360050301 1.348541188527213e-09
82 544 true 0.24087216518865787 6.960728616779652e-09
83 177 true 0.3650618931170939 1.0013275061446921e-10
84 166 true 0.33322433123492445 1.430206458094108e-09
85 217 true 0.33264217719844497 9.5741744929502e-10
86 649 false 0.14240836045572453 1.7929022704161207e-11
87 175 true 0.2245840815772933 6.947647476536338e-10
88 853 false 0.4047423501770341 4.9366599320963e-11
89 1110 false 0.21168298096073396 2.4555998536032397e-10
90 161 true 0.32639936495042116 2.339911604674894e-09
91 155 true 0.2820570744460761 1.1732513240498845e-09
92 129 true 0.40025941021110384 1.8187596645614163e-09
93 1072 false 0.2148940755805805 2.616339945853766e-10
94 157 true 0.3345606939877094 6.220151667567926e-11
95 514 false 0.31360432890967027 4.4499991894486446e-10
96 923 false 0.23797476719109295 2.2664692693919716e-10
97 147 false 0.3396102834697414 4.052391159126135e-10
98 636 false 0.335220412602643 2.2214100817346402e-10
99 1048 false 0.1887765194881435 2.872235239362413e-10
100 177 true 0.22943776699623433 2.72823695981238e-09
