1 267 true 1.9335733064121268 2.3559981942320452e-07
2 178 true 1.4959031113177799 3.776743913704656e-07
3 264 true 2.105248107254379 5.466847564669486e-07
4 483 true 1.5040986586830178 2.5332459790968373e-07
5 193 true 1.1766007986074065 2.1276482249470433e-07
6 42 true 1.0022797005707718 8.201538156108663e-08
7 241 true 2.65776309016744 6.285936615529897e-07
8 224 true 2.373968117701213 8.961255089751896e-07
9 155 true 1.8134793337984232 5.769696725044716e-07
10 285 true 3.1290096291338423 9.286997657779629e-08
11 156 true 1.8232415504623427 3.0512077919039097e-07
12 244 true 2.0757528119388966 7.17597913038004e-08
13 288 true 1.5005103423511645 2.0008753863118847e-07
14 162 true 1.2565147630284852 3.3615203603315713e-07
15 188 true 1.4177028502120919 6.25063253068774e-07
16 425 true 1.9985627368373617 8.805575566791913e-07
17 277 true 3.0577049813168933 7.617038996282056e-07
18 54 true 0.9669481032996913 1.345554894458312e-07
19 229 true 2.3116560082468216 6.488982916868147e-07
20 258 true 1.2238843320748616 3.0265369907922505e-07
21 169 true 2.0069778310700968 5.025072926373575e-07
22 150 true 1.4672848588544192 6.064278398082879e-07
23 205 true 1.8603555250890977 1.796503619881129e-07
24 184 true 2.3705685536830785 5.440360896474373e-07
25 92 true 1.6400826603943572 3.6392499611049403e-07
26 203 true 1.8057730235372662 5.546016695018152e-07
27 135 true 1.2004044948840882 4.873651452052785e-07
28 248 true 2.1629178221857535 4.5167855201324386e-07
29 140 true 1.5150561339822222 4.951301943796791e-07
30 85 true 1.1700079390106435 1.1420442457216407e-07
31 227 true 1.9421497417854077 8.12978633396102e-07
32 177 true 1.1728407417317817 1.7905606559954102e-07
33 238 true 2.853068256567298 8.515255544656775e-07
34 188 true 1.8703844689305156 4.018178750800794e-07
35 338 true 2.369947760470594 5.6438442015673836e-08
36 333 true 3.847331860682779 4.334826029196937e-08
37 177 true 1.868507964510727 6.286666701225912e-07
38 92 true 1.6588272046599966 2.506627570878495e-07
39 249 true 1.59385827132459 1.0734202151023942e-07
40 139 true 1.3879514785707219 2.2574327550058104e-07
41 390 true 2.57160735585827 4.814801347350173e-07
42 256 true 1.4094842889667696 1.7009310603684604e-07
43 199 true 1.5341814843224244 2.0910008757314194e-07
44 182 true 1.3575899815000378 2.378665425904414e-07
45 151 true 2.23591604413257 5.622052683497481e-07
46 194 true 2.325366435848897 4.3898591074319484e-07
47 176 true 1.6436505397864838 9.575784380638308e-07
48 423 true 3.6235924490771354 2.123816551955926e-07
49 95 true 1.4963946764450011 3.4054572811681895e-07
50 155 true 1.8601036206204187 4.7573447248939087e-07
51 223 true 1.2892233070811847 2.1028290583542249e-07
52 1002 true 3.918844181347868 5.963042559287147e-13
53 194 true 1.9323488805383833 5.603517905842748e-07
54 420 true 1.3441185955421118 4.919536138394021e-07
55 155 true 1.623184518300953 4.988570716927332e-07
56 246 true 1.8559657942610115 4.7494655643987475e-07
57 340 true 2.354991205452285 6.3384341870802e-07
58 155 true 1.1696222468711717 1.6709032295297522e-07
59 74 true 1.2013628958424114 1.492533287173381e-07
60 183 true 1.8125103312130006 5.132314204700284e-07
61 190 true 1.097438419594932 4.619563693441631e-07
62 193 true 1.7209458982026316 3.256844099177592e-07
63 183 true 1.6747794175483692 4.801078325566533e-07
64 237 true 1.4238048256646294 5.341356966181765e-07
65 201 true 2.858584226756148 5.316500358770294e-07
66 101 true 1.5168924782407598 1.4924011211515878e-07
67 281 true 1.3533693078042508 5.90913112496172e-07
68 181 true 2.5335701315512593 4.1072664489473226e-07
69 268 true 1.9227587413409535 4.956529381407205e-07
70 343 true 2.201923074462962 1.1748179483558109e-07
71 178 true 1.4894702407959484 7.732732455083902e-07
72 168 true 1.4801506438705612 4.261260769106157e-07
73 175 true 1.894835754614712 5.485469726563586e-07
74 65 true 1.1006236971759116 1.196889192602102e-07
75 300 true 1.201935514306863 1.6838615168564887e-07
76 118 true 1.569013939147349 4.2951183099564256e-07
77 207 true 1.6721671506785416 3.5607629132815125e-07
78 204 true 1.458356853442405 4.811934790601247e-07
79 363 true 2.7799280715775074 3.590162196852243e-07
80 198 true 2.131405840215339 8.555145669124276e-07
81 378 true 3.229580345220841 1.7545659210628605e-07
82 119 true 1.6604922034325214 3.8026398400988375e-07
83 216 true 1.772401659542432 7.674465592666025e-07
84 110 true 1.1499895762655692 3.5847578972511234e-07
85 112 true 1.6343340447171577 4.316926930040399e-07
86 64 true 1.055412810189764 1.3285591526890352e-07
87 87 true 1.0558427091338671 3.095893789366944e-07
88 234 true 1.7229180256230832 5.264167420673306e-07
89 268 true 3.7695387165339986 7.926105536140705e-07
90 260 true 2.5938856049443095 7.27674095883124e-07
91 209 true 2.179023438863347 4.813575046390506e-07
92 192 true 2.159964851677425 7.338358884930207e-07
93 207 true 1.7277315761153367 3.9295150213868315e-07
94 248 true 2.2317150894129525 4.6195787744083286e-07
95 265 true 2.5955404023694593 7.499590755975616e-07
96 174 true 1.5298897691921611 4.993465423685307e-07
97 248 true 2.9280712525640396 7.697780394456633e-07
98 314 true 4.8338407036055395 8.430392674069731e-07
99 252 true 2.8451944097259787 8.574256255582858e-07
100 187 true 1.591542096078302 2.299898222659569e-07
