1 2000 false -1455.280421225027 5.6456325179254925e-05
2 621 false 1.6710762330203732 6.698077129385638e-12
3 241 true 14.825240752898933 1.3992998239276689e-08
4 366 true 1.5291415908287915 4.123117931804643e-11
5 256 true 14.17467745112709 2.8648671465919763e-07
6 385 true 21.188903018885032 9.887826217116747e-09
7 2000 false 14.321685568670219 2.9521962783794917
8 465 true 15.28041323879434 3.209548054616818e-08
9 512 true 2.0495892450593187 3.379388854990451e-12
10 347 true 17.15247187193979 4.375554337959775e-08
11 539 true 1.680511531497037 1.4384648762362673e-08
12 1257 true 2.8549449052222364 2.8147139797596313e-12
13 2000 false 12.382394169565803 4.99482587276941
14 314 true 16.5895663540141 7.797034530766212e-07
15 297 true 14.756308631300426 8.442559464008071e-09
16 837 true 5.090628998492184 3.532793391022871e-07
17 323 true 13.005320267878972 1.3750386756354373e-07
18 329 true 14.94496550928576 5.610076284520461e-07
19 2000 false -951.7358167652441 9.605284994644348
20 296 true 14.601940578086543 7.342084590668208e-08
21 320 true 17.51033635211753 3.380084264948602e-07
22 537 true 18.2982404108554 1.1754048652945494e-13
23 484 true 2.171173545901295 4.586759710537427e-08
24 457 true 18.94279653430137 5.785666552192837e-07
25 1040 true 1.7828663957252693 6.604640976054374e-07
26 2000 false -806.8708424424298 4.684029641239689e-05
27 412 false 1.2173131597328097 1.4651654892716692e-11
28 2000 false -1007.510383761356 0.00870722267783862
29 484 true 17.854875869368705 1.0660670901052605e-13
30 456 true 1.1374276983566993 1.6861264841400604e-07
31 1770 false 1.8516152044415062 1.0948677793365392e-11
32 953 true 1.6149713589040602 5.345199818805391e-09
33 350 true 16.488524942128542 5.929749231782467e-10
34 366 true 17.573498204301153 5.8876345474667786e-08
35 872 true 2.316046908753513 3.379651112211946e-12
36 2000 false -448.05057908157636 0.009047809211603308
37 246 true 12.027747348872005 6.220606334594869e-14
38 458 true 18.523060125416258 1.4401619780533236e-07
39 323 true 2.0535908343002207 7.850818269990612e-09
40 614 true 13.937777244922996 1.9568303521788624e-12
41 1101 true 3.2826844130191324 4.842248609749689e-09
42 2000 false 2.041634625713812 4.499987175734423
43 410 true 1.616510406000017 7.873530242585965e-08
44 330 true 15.153116094496543 1.6432962508805107e-07
45 2000 false -211.11642405905363 0.0014288378446582512
46 2000 false 2.7862098820437007 0.00029554834174672973
47 722 true 1.8507991564843234 4.892412551127379e-12
48 2000 false -1087.3479688761004 0.0005645137992420502
49 315 true 12.554422706989019 3.765037887914658e-08
50 755 true 15.203155818018473 8.601767885295076e-07
51 483 true 1.8187451485468973 6.495627857288895e-08
52 710 true 3.8712976319222965 3.77846254173414e-07
53 1934 false 2.0703708809735857 4.4495216418027895e-12
54 2000 false 5.8192584821323825 4.0499324426971075
55 2000 false 12.161361951850765 0.0006436161540440212
56 2000 false -991.5159556227675 3.2804324148435757
57 341 true 3.204097318715192 2.0738864003915137e-07
58 397 true 13.002179934977567 1.9104769678786938e-07
59 350 true 1.2018437856350217 8.115054646040676e-12
60 426 false 1.7337009764907185 1.0460757770447417e-11
61 411 true 17.60765400586578 1.8785978256219415e-13
62 479 true 18.27036136795619 8.463090591613388e-09
63 358 true 18.463542265561006 5.459905756503059e-07
64 570 true 18.304684902588686 1.9493119407132386e-13
65 459 true 18.207121745773314 6.047053010568285e-08
66 394 true 1.4758329206838887 5.872846527138287e-07
67 920 true 1.9679370739987079 2.291094104478475e-12
68 2000 false 18.760122534979118 4.499726096097041
69 304 true 13.817986041844582 1.9513587441077453e-07
70 323 true 15.152018081033432 2.0569213519325282e-08
71 316 true 17.213923642055427 7.644443381173716e-07
72 379 true 14.175265465370869 2.657433700725243e-07
73 347 true 2.4056690332420523 3.115486506022336e-12
74 324 true 18.41851052181431 1.7037167525391084e-09
75 2000 false 1.3236647325466897 4.999601462120773
76 382 true 1.4677655178156395 5.882597808957613e-10
77 471 true 1.6129481520340798 7.012363118938937e-11
78 367 true 15.961113997503352 5.411900700558193e-09
79 642 false 4.01847997838407 5.151176577378181e-12
80 356 true 14.132602684309534 2.946614410230808e-08
81 360 true 16.144765303871374 5.404026413808128e-07
82 432 true 18.460550623593008 6.409901952579063e-08
83 1124 true 2.1721356894142794 6.580619861300008e-08
84 2000 false -180.22140617883838 0.0003053580455918191
85 604 true 1.719103459138087 1.574261427076529e-09
86 518 true 18.124786392661505 1.4982719683476199e-13
87 315 true 16.853825186362442 4.542007346941546e-13
88 582 false 1.6095024283855635 1.2827496697198627e-11
89 401 false 13.800553337580489 6.405704243306332e-12
90 362 true 15.716928402490726 1.659159790534659e-12
91 409 true 18.24622439748268 5.994464298312963e-08
92 809 false 2.447617860980711 4.020005718174957e-12
93 362 true 16.992522635049774 1.472568662940299e-07
94 2000 false 3.357371998985314 2.6568985844489927
95 2000 false -1523.1015051709637 0.017598535826646257
96 293 true 16.73483201139039 1.782130244686986e-08
97 551 false 3.279193341829867 2.0806635500703055e-11
98 971 false 4.128849539752566 5.47811972939627e-12
99 301 true 15.8681666428067 5.194347709380765e-08
100 309 true 17.519935560734407 5.022693218143815e-07
