1 180 false 10.111534049519047 0.1632794136419228
2 99 false 3.669361852534145 0.13980583002377392
3 102 false 1.313620039697172 0.15189675117358875
4 118 false 3.582968982748815 0.13854616237997597
5 115 false 1.5795613450378188 0.13286361282199574
6 118 false 4.169313836427456 0.13653405595710383
7 94 false 2.0414285037060527 0.13325007171133238
8 106 false 4.2996684057510635 0.1369081454382795
9 119 false 4.398796732689391 0.1330646136975972
10 108 false 3.3854273065528684 0.1268413407855073
11 114 false 1.2281756251565419 0.12997325630253642
12 114 false 4.101618513044825 0.14752443758798556
13 108 false 4.8900831944565795 0.16267003600355673
14 117 false 4.875359149878578 0.1462737390122258
15 110 false 3.421099679038372 0.13856902051858275
16 124 false 4.555185349073469 0.14097894659765917
17 106 false 3.003242495478739 0.1414395365611936
18 99 false 1.4575872942714092 0.14077735314408002
19 112 false 3.6830141417906948 0.15797869312890728
20 96 false 0.9187920957491826 0.12638130603126552
21 111 false 2.4993154787475085 0.1415424420416548
22 124 false 3.4934547197845642 0.13484701565859836
23 105 false 3.2700519044148777 0.1325350978274908
24 114 false 3.5180829692170033 0.14029698956761236
25 121 false 2.046089619153987 0.13280506875101572
26 119 false 2.713951123529128 0.14616984412653844
27 116 false 2.8265720343640766 0.1333439132913935
28 99 false 2.489902018678947 0.12267529820530439
29 103 false 2.4942711954063057 0.13367603886242307
30 98 false 2.4342189827952225 0.1386266357933058
31 101 false 3.7790987448656725 0.15416553652550374
