 seed  iterations  status     objective           primal        wall (ms)   solver(ms)  
  1       641       true    1.93357401e+00    2.22044605e-16     2078.4        1885.5  
  2       867       true    4.31856972e+00    4.44089210e-16     2727.2        2453.2  
  3       778      false    4.08040177e+00    2.22044605e-16     2420.2        2129.4  
  4       798       true    1.50410060e+00    2.22044605e-16     2293.5        2098.0  
  5       949       true    3.26127793e+00    2.22044605e-16     3311.1        2997.8  
  6      1000      false    5.32452476e+00    2.72025735e-11     2931.4        2659.9  
  7       568      false    2.65776756e+00    6.66133815e-16     1608.5        1491.3  
  8       659      false    3.40159743e+00    2.22044605e-16     2033.3        1784.2  
  9      1000      false    1.81350910e+00    4.31627514e-09     2877.3        2624.4  
 10      1000      false    2.55772630e+00    5.17870136e-09     2984.8        2691.4  
 11       797       true    5.26002439e+00    4.44089210e-16     2414.3        2112.1  
 12       700       true    2.10720996e+00    2.22044605e-16     1929.1        1774.9  
 13       606       true    1.77755357e+01    2.22044605e-16     1784.8        1613.1  
 14      1000      false    1.49566952e+00    2.22044605e-16     2861.2        2581.8  
 15       689      false    3.75815336e+00    4.44089210e-16     2025.2        1802.0  
 16       754       true    5.02134094e+00    2.22044605e-16     2187.1        1974.8  
 17       905       true    5.84609075e+00    2.22044605e-16     2885.4        2471.2  
 18       633       true    9.66948770e-01    1.11022302e-16     1812.7        1642.5  
 19      1000      false    3.27532779e+00    2.98816527e-12     2774.9        2556.7  
 20       759       true    3.18109880e+00    2.22044605e-16     2334.8        2036.7  
 21       923       true    2.00698323e+00    2.22044605e-16     2631.7        2375.7  
 22       957       true    1.63564490e+00    2.22044605e-16     2918.4        2569.7  
 23      1000      false    5.57326617e+00    2.22044605e-16     2791.4        2551.8  
 24       498      false    2.37057593e+00    9.08162434e-14     1439.4        1328.2  
 25      1000      false    2.15306591e+00    4.44089210e-16     2856.1        2574.3  
 26      1000      false    5.63562907e+00    2.22044605e-16     3129.7        2691.8  
 27       855       true    1.20041069e+00    4.44089210e-16     2416.1        2225.6  
 28       965       true    4.06893934e+00    2.22044605e-16     2793.6        2542.0  
 29       883       true    1.68415519e+00    4.44089210e-16     2749.2        2441.6  
 30       778      false    3.91060257e+00    2.22044605e-16     2317.0        2052.4  
 31       743      false    2.21318276e+00    4.44089210e-16     2181.3        1954.4  
 32       718       true    5.26276962e+00    2.22044605e-16     2082.1        1878.8  
 33       894       true    5.07699352e+00    4.44089210e-16     2646.9        2375.3  
 34       704      false    1.68534982e+01    1.17621191e-12     1921.0        1775.7  
 35       798      false    1.82142885e+00    2.22044605e-16     2275.1        2067.9  
 36      1000      false    2.61859584e+00    2.22044605e-16     3066.8        2715.3  
 37       603       true    5.09061423e+00    2.22044605e-16     1693.4        1570.5  
 38       618       true    1.65882837e+00    2.22044605e-16     1831.3        1651.0  
 39       681      false    5.59114046e+00    6.66133815e-16     1900.2        1735.0  
 40       898       true    2.21073683e+00    2.22044605e-16     2707.1        2436.1  
 41       826       true    6.17486754e+00    2.22044605e-16     2458.5        2192.8  
 42       738      false    1.40948497e+00    2.22044605e-16     2133.2        1911.7  
 43       884      false    4.01038483e+00    2.22044605e-16     2699.5        2386.2  
 44       492       true    1.35759118e+00    2.22044605e-16     1353.2        1265.0  
 45      1000      false    5.66416923e+00    4.06152889e-11     2977.7        2677.5  
 46       568       true    2.16836228e+00    2.22044605e-16     1566.2        1453.6  
 47      1000      false    4.49016828e+00    4.44089210e-16     2869.9        2603.8  
 48       656       true    3.57679687e+00    2.22044605e-16     1877.5        1714.8  
 49       643      false    1.49639678e+00    3.19744231e-13     1792.3        1642.0  
 50       656       true    1.86011169e+00    2.22044605e-16     1837.9        1702.9  
 51      1000      false    5.13199113e+00    5.23192600e-15     3293.8        2815.5  
 52      1000      false    5.18616239e+00    4.44089210e-16     2987.4        2680.3  
 53       758      false    1.66782971e+00    2.22044605e-16     2238.3        2041.7  
 54       681      false    1.43346864e+00    3.19744231e-14     2107.6        1928.9  
 55       568       true    3.68262248e+00    2.22044605e-16     1625.4        1489.2  
 56       892      false    1.85597100e+00    4.44089210e-16     2691.9        2375.8  
 57       669      false    3.27496382e+00    2.22044605e-16     1906.2        1751.1  
 58       874      false    1.95942635e+00    4.44089210e-16     2736.0        2347.7  
 59       696       true    1.20136341e+00    2.22044605e-16     2039.5        1909.5  
 60       558       true    4.16850123e+00    4.44089210e-16     1607.6        1451.8  
 61       703       true    2.09060745e+00    2.22044605e-16     2031.4        1866.9  
 62      1000      false    5.64397109e+00    2.22044605e-16     3320.9        2887.8  
 63       665       true    1.67478304e+00    4.44089210e-16     1979.5        1799.8  
 64       826       true    6.27243683e+00    2.22044605e-16     2596.7        2305.1  
 65       567       true    5.46050968e+00    2.22044605e-16     1694.2        1570.5  
 66       914      false    1.51689319e+00    2.22044605e-16     2707.4        2431.9  
 67       670      false    2.48676892e+00    6.70019595e-13     1848.5        1695.4  
 68      1000      false    2.53357682e+00    1.44328993e-15     2896.5        2596.4  
 69      1000      false    2.27589878e+00    4.44089210e-16     3080.1        2669.8  
 70       886       true    1.98186861e+00    2.22044605e-16     2668.3        2375.8  
 71       753       true    2.66346195e+00    4.44089210e-16     2127.8        1949.8  
 72      1000      false    1.79013327e+00    2.07614487e-07     3009.3        2687.4  
 73       738      false    2.32990022e+00    4.44089210e-16     2148.9        1940.7  
 74      1000      false    1.10062404e+00    2.22044605e-16     2667.1        2475.1  
 75       679      false    1.20193628e+00    2.22044605e-16     1918.1        1749.8  
 76       643       true    2.75519998e+00    2.22044605e-16     1845.9        1691.3  
 77       702      false    1.67354971e+00    4.44089210e-16     2035.9        1828.8  
 78       828       true    3.02757967e+00    4.44089210e-16     2278.8        2103.5  
 79      1000      false    3.58030179e+00    7.04714065e-14     2953.9        2639.9  
 80       806      false    2.13143225e+00    4.44089210e-16     2311.5        2125.3  
 81       557      false    3.22958849e+00    4.44089210e-16     1533.9        1402.9  
 82       627       true    1.66049529e+00    2.22044605e-16     1776.0        1640.8  
 83       787       true    3.44959300e+00    8.88178420e-14     2369.2        2094.2  
 84      1000      false    2.04980037e+00    4.44089210e-16     3004.9        2693.9  
 85      1000      false    3.49768747e+00    8.58329380e-12     3091.3        2708.0  
 86      1000      false    1.05541337e+00    5.09259301e-13     2831.3        2560.0  
 87       571      false    6.37534554e+00    4.44089210e-16     1573.4        1464.7  
 88       916       true    3.85155839e+00    2.22044605e-16     2715.4        2469.1  
 89      1000      false    3.17769121e+00    9.48185974e-13     3104.6        2723.1  
 90      1000      false    2.59389454e+00    3.80262577e-09     2945.6        2663.2  
 91       812       true    3.88283366e+00    4.44089210e-16     2316.5        2093.0  
 92       679       true    5.64988667e+00    2.22044605e-16     1963.2        1755.4  
 93       649       true    2.04573508e+00    2.22044605e-16     1884.5        1761.5  
 94       933       true    2.23173081e+00    2.22044605e-16     2871.3        2625.2  
 95       750       true    4.12451405e+00    2.22044605e-16     2134.2        1948.2  
 96       601      false    1.59720920e+00    2.22044605e-16     1606.9        1495.8  
 97       997      false    1.99982613e+01    2.61724420e-10     2989.3        2666.7  
 98      1000      false    4.30284428e+00    2.22044605e-16     2947.5        2643.7  
 99       597      false    3.34231416e+00    4.44089210e-16     1719.7        1553.6  
 100       896      false    1.59269247e+00    2.22044605e-16     2577.1        2339.6  
