 seed  iterations  status     objective           primal        wall (ms)   solver(ms)  
  1       213       true    3.57536659e+00    5.42343948e-14     527.7        498.7  
  2       268       true    2.27324398e+00    2.62678768e-13     691.8        639.8  
  3       178       true    4.24650601e+00    5.98661121e-11     481.8        456.8  
  4       252       true    2.36137287e+00    1.14863674e-11     615.3        581.7  
  5       230       true    4.94756769e+00    4.12725409e-12     592.5        563.4  
  6       219       true    1.00772516e+00    1.94606553e-10     565.9        532.8  
  7       177       true    5.13193026e+00    1.03195230e-12     468.4        444.2  
  8       386       true    3.45672237e+00    9.97646410e-13     1022.7        949.7  
  9       166       true    4.81656045e+00    8.94528895e-12     406.1        387.1  
 10       240       true    4.37398495e+00    8.82738327e-13     585.4        554.4  
 11       411       true    3.76010643e+00    1.88293825e-13     1064.8        994.6  
 12       168       true    4.85068254e+00    9.43689571e-14     443.0        419.1  
 13       161       true    1.54424728e+00    6.82787160e-15     422.4        397.8  
 14       191       true    1.87346224e+00    1.32134192e-10     492.4        467.4  
 15       203       true    3.85001638e+00    2.08138284e-10     530.2        497.2  
 16       276       true    2.59380925e+00    2.03526085e-12     682.6        641.6  
 17       364       true    3.33913302e+00    2.30571118e-11     910.1        851.3  
 18       187       true    4.12530927e+00    7.74313946e-12     473.0        449.0  
 19       274       true    3.29469142e+00    7.26307903e-13     695.5        657.5  
 20       494      false    1.26310650e+00    4.44089210e-16     1221.1        1151.6  
 21       276       true    2.11270130e+00    1.67088565e-13     727.2        686.3  
 22       252       true    5.06593629e+00    3.18856053e-13     654.6        616.9  
 23       178       true    1.90882899e+00    7.08988424e-13     454.0        428.0  
 24       313       true    2.51371349e+00    1.50324198e-13     861.1        796.1  
 25       195       true    5.56076988e+00    6.41918740e-11     506.2        478.9  
 26       173       true    1.77656533e+00    4.71844785e-15     450.5        427.5  
 27       234       true    2.33076222e+00    2.65327760e-11     572.1        542.1  
 28       247       true    2.27610839e+00    4.52082816e-13     645.8        611.2  
 29       232       true    1.75528581e+00    4.25659508e-13     594.0        560.0  
 30       196       true    3.97366964e+00    1.54876112e-12     520.1        494.0  
 31       240       true    4.49895496e+00    1.22879484e-11     642.8        599.0  
 32       177       true    1.20718970e+00    8.13227263e-12     431.0        408.0  
 33       181       true    5.26391964e+00    3.42852413e-11     474.6        448.6  
 34       191       true    1.92658563e+00    3.58779673e-11     463.4        440.2  
 35       171       true    3.78901642e+00    1.59106062e-10     435.4        408.4  
 36       355       true    3.98751023e+00    4.59565719e-12     909.5        853.5  
 37       315       true    5.31885465e+00    5.94076455e-11     816.2        762.1  
 38       234       true    1.70330639e+00    4.84672469e-10     607.0        572.0  
 39       251       true    1.72529605e+00    2.69784195e-13     661.4        618.4  
 40       195       true    3.37327042e+00    8.58703109e-11     506.1        479.9  
 41       310       true    3.05059006e+00    8.95949981e-14     779.3        735.3  
 42       289       true    4.32835004e+00    9.33697564e-14     735.9        689.7  
 43       261       true    4.40432828e+00    4.61575222e-14     655.2        614.5  
 44       254       true    4.37750476e+00    1.93900451e-12     671.1        622.4  
 45       164       true    2.34683200e+00    7.17426119e-13     414.6        395.6  
 46       199       true    2.23288024e+00    7.17070847e-12     503.5        477.5  
 47       299       true    4.59409756e+00    3.19166915e-12     802.3        751.3  
 48       215       true    3.67433643e+00    7.54951657e-14     573.9        532.8  
 49       241       true    2.46007951e+00    2.79776202e-14     616.0        580.6  
 50       206       true    3.17645837e+00    8.54869509e-11     517.7        488.9  
 51       236       true    5.20537943e+00    2.55018229e-13     650.0        617.8  
 52       189       true    5.23736144e+00    1.46265888e-10     497.5        468.7  
 53       225       true    5.56321861e+00    3.72679665e-12     615.9        577.5  
 54       177       true    1.43475388e+00    6.99440506e-14     467.7        443.7  
 55       255       true    1.71247920e+00    1.94544381e-12     695.6        651.4  
 56       259       true    1.97951940e+00    5.55511193e-12     728.4        679.4  
 57       224       true    3.03136135e+00    5.60586300e-13     549.9        518.9  
 58       249       true    5.06908769e+00    3.79152265e-12     649.5        606.7  
 59       286       true    3.01409943e+00    1.52871049e-11     740.1        693.1  
 60       176       true    2.91519321e+00    1.71801462e-11     451.7        428.7  
 61       251       true    1.20819860e+00    7.22755189e-14     642.8        607.8  
 62       201       true    4.32106960e+00    3.40916184e-12     520.9        490.8  
 63       193       true    1.74446785e+00    7.28144212e-11     499.2        473.8  
 64       205       true    2.73808817e+00    2.25708341e-13     525.0        496.0  
 65       410       true    5.16856680e+00    3.53050922e-14     1087.7        1011.8  
 66       208       true    6.60251809e+00    1.15984666e-09     535.6        505.6  
 67       270       true    6.03760331e+00    2.37698750e-12     675.3        639.3  
 68       240       true    7.05519560e+00    8.61644089e-12     647.6        590.5  
 69       148       true    2.31330108e+00    1.35724765e-12     371.8        349.2  
 70       270       true    2.43342633e+00    4.96047647e-13     725.9        675.0  
 71       266       true    2.82032934e+00    2.17470486e-11     692.7        648.7  
 72       218       true    1.60579609e+00    1.35575995e-11     538.6        511.5  
 73       253       true    4.15432338e+00    5.70765657e-13     681.2        636.7  
 74       170       true    1.11449640e+00    8.03668243e-12     438.0        415.0  
 75       166       true    1.22912093e+00    3.48209905e-10     410.4        390.4  
 76       229       true    5.19023988e+00    2.57140975e-11     563.1        535.1  
 77       251       true    3.55036280e+00    2.90878432e-13     611.3        572.9  
 78       291       true    2.14609511e+00    7.91589017e-14     724.4        683.4  
 79       236       true    3.70849545e+00    5.28466160e-14     603.6        571.5  
 80       281       true    4.99579266e+00    1.72040160e-12     756.6        699.4  
 81       428       true    3.50515208e+00    5.70654635e-14     1217.4        1095.1  
 82       243       true    4.92799339e+00    9.58122470e-14     655.9        622.9  
 83       210       true    3.56087742e+00    2.56350496e-13     568.4        535.4  
 84       305       true    4.76164865e+00    2.59225974e-12     829.4        779.8  
 85       234       true    4.98550073e+00    4.73621142e-13     643.9        600.9  
 86       304       true    3.10880969e+00    1.37727330e-11     781.7        739.7  
 87       326       true    2.59459179e+00    2.03341788e-11     847.9        796.9  
 88       345       true    3.41258016e+00    2.66453526e-15     882.5        824.2  
 89       227       true    4.07851847e+00    4.92050845e-13     607.6        573.6  
 90       181       true    4.25558099e+00    1.26505917e-10     466.8        439.9  
 91       237       true    4.05206950e+00    1.08367759e-11     610.6        576.5  
 92       274       true    1.12630450e+01    3.03162384e-10     707.7        669.7  
 93       210       true    2.16814073e+00    1.32927003e-12     516.0        488.2  
 94       228       true    4.10571622e+00    1.04494191e-12     610.1        573.1  
 95       292       true    5.09538226e+00    8.42848014e-12     767.8        724.8  
 96       233       true    1.73813255e+00    1.17805765e-12     583.9        549.9  
 97       302       true    2.87599643e+00    2.16521245e-13     777.7        735.7  
 98       220       true    5.28863323e+00    3.70525659e-12     533.3        506.3  
 99       245       true    3.51461733e+00    1.91840988e-11     664.8        607.8  
 100       226       true    5.25129318e+00    2.76758616e-11     575.5        540.5  
