 seed  iterations  status     objective           primal        wall (ms)   solver(ms)  
  1        75       true    4.36550955e+00    3.05311332e-16     101.1         84.0  
  2       103       true    2.02886926e+00    2.22044605e-16     125.1        102.2  
  3        63       true    4.08039816e+00    2.22044605e-16      87.3         73.4  
  4        74       true    2.27148760e+00    2.22044605e-16     108.3         90.5  
  5        78       true    1.17660225e+00    2.22044605e-16     108.9         91.8  
  6        79       true    1.00228088e+00    3.33066907e-16     104.1         86.4  
  7        86       true    2.65776817e+00    2.22044605e-16     113.4         94.0  
  8        68       true    3.40149480e+00    2.22044605e-16      96.7         80.1  
  9        92       true    1.81348923e+00    2.22044605e-16     118.9         98.1  
 10        78       true    2.54913517e+00    2.22044605e-16     109.0         91.0  
 11        81       true    1.82324503e+00    2.22044605e-16     108.5         90.1  
 12       110       true    2.10721092e+00    2.22044605e-16     146.9        120.3  
 13        56       true    1.50051230e+00    7.10542736e-15      72.0         60.0  
 14        95       true    1.25651728e+00    1.11022302e-16     122.5        100.5  
 15        63       true    3.75815405e+00    2.22044605e-16      81.0         66.0  
 16       104       true    1.99856192e+00    2.22044605e-16     130.4        105.0  
 17        90       true    3.05771916e+00    2.22044605e-16     132.4         93.5  
 18        79       true    9.66950005e-01    3.56312202e-13     103.7         83.6  
 19       103       true    2.31167034e+00    2.22044605e-16     142.0        116.0  
 20        78       true    1.22388598e+00    2.22044605e-16     112.5         78.0  
 21        73       true    2.00698511e+00    2.22044605e-16      97.6         80.5  
 22        89       true    1.46729341e+00    2.22044605e-16     114.5         94.5  
 23        78       true    1.86035692e+00    2.22044605e-16     102.1         84.8  
 24       101       true    2.37057432e+00    8.41549053e-13     127.8        104.5  
 25       126       true    2.15305627e+00    2.22044605e-16     186.4        155.1  
 26        70       true    1.67074686e+00    2.26707542e-13      93.2         78.7  
 27       100       true    1.20041132e+00    2.44249065e-15     137.1        115.1  
 28        82       true    2.16292600e+00    2.22044605e-16     129.5         90.1  
 29       103       true    1.51506522e+00    2.22044605e-16     130.8        104.8  
 30        87       true    1.17000863e+00    5.10702591e-15     109.1         89.1  
 31        83       true    2.21318305e+00    2.22044605e-16     112.5         93.5  
 32       101       true    1.17284162e+00    5.55111512e-16     131.1        108.1  
 33        82       true    4.99617734e+00    2.22044605e-16     112.1         93.1  
 34        86       true    1.87038838e+00    2.22044605e-16     113.9         95.9  
 35        88       true    1.82142934e+00    2.22044605e-16     115.1         96.1  
 36       104       true    2.61859671e+00    7.28306304e-14     130.0        107.5  
 37        81       true    1.86851745e+00    2.22044605e-16     107.0         89.0  
 38        71       true    1.65882948e+00    2.22044605e-16      91.9         76.8  
 39        86       true    1.59745986e+00    2.22044605e-16     104.0         87.0  
 40        74       true    1.38795356e+00    5.55111512e-16     101.2         84.2  
 41        84       true    2.57161063e+00    2.22044605e-16     114.0         96.0  
 42        73       true    1.40948596e+00    2.22044605e-16      97.2         81.2  
 43        72       true    1.53418391e+00    2.22044605e-16      96.0         80.0  
 44        81       true    1.35759217e+00    2.22044605e-16     102.2         85.1  
 45        82       true    2.23592444e+00    2.22044605e-16     104.1         87.1  
 46        81       true    2.16836324e+00    2.22044605e-16     107.1         90.0  
 47        89       true    1.66960927e+00    2.22044605e-16     127.9        109.7  
 48        75       true    3.57679791e+00    2.22044605e-16     124.8         82.9  
 49        88       true    2.25459604e+00    4.44089210e-16     118.0         98.0  
 50        90       true    1.86011270e+00    2.22044605e-16     123.0        103.0  
 51        69       true    1.28922497e+00    2.22044605e-16      91.9         75.9  
 52       139       true    3.92055152e+00    2.22044605e-16     210.1        174.1  
 53        82       true    1.66783081e+00    2.22044605e-16     106.4         87.1  
 54        64       true    1.34412300e+00    4.44089210e-16      74.2         60.2  
 55        80       true    1.62319119e+00    2.22044605e-16     106.1         87.1  
 56        69       true    1.85597144e+00    2.22044605e-16      88.7         73.9  
 57        84       true    2.77605489e+00    2.22044605e-16     111.0         93.0  
 58        99       true    1.95942717e+00    2.22044605e-16     133.1        111.0  
 59        96       true    1.20136401e+00    5.55111512e-16     113.5         93.9  
 60        88       true    1.81251991e+00    2.22044605e-16     115.0         96.0  
 61        90       true    1.09744756e+00    7.21644966e-16     113.9         92.0  
 62        76       true    1.72095053e+00    2.22044605e-16     100.0         82.0  
 63        80       true    1.67478244e+00    2.22044605e-16     107.6         89.6  
 64       108       true    1.42380752e+00    2.22044605e-16     145.8        120.4  
 65        97       true    2.85859865e+00    2.22044605e-16     132.7        110.5  
 66       120       true    1.51689373e+00    2.22044605e-16     157.2        131.2  
 67        71       true    2.48676999e+00    2.22044605e-16      88.6         73.4  
 68        90       true    2.53357606e+00    2.22044605e-16     113.4         94.4  
 69        83       true    2.27589955e+00    2.22044605e-16     115.8         97.0  
 70       108       true    1.98187044e+00    1.94122496e-13     131.8        108.8  
 71        84       true    1.48947929e+00    1.11022302e-14     105.9         88.4  
 72        82       true    1.78992466e+00    2.22044605e-16     102.9         85.9  
 73        70       true    4.02366783e+00    2.22044605e-16      87.0         73.0  
 74        63       true    1.10062469e+00    6.73905376e-14      81.0         67.0  
 75        59       true    1.20193698e+00    2.22044605e-16      70.0         57.0  
 76        75       true    1.56901816e+00    2.22044605e-16      98.5         83.5  
 77        81       true    1.67216962e+00    2.22044605e-16     107.2         90.3  
 78        95       true    1.91050344e+00    2.22044605e-16     123.9        102.9  
 79        72       true    2.65775574e+00    2.22044605e-16      91.9         76.0  
 80       109       true    2.07892387e+00    2.22044605e-16     133.9        110.4  
 81       105       true    3.22954120e+00    2.98372438e-16     136.1        111.9  
 82       118       true    1.92001395e+00    7.77156117e-16     155.1        128.1  
 83        78       true    3.44959395e+00    2.22044605e-16     105.1         88.1  
 84        86       true    2.04980098e+00    4.44089210e-16     116.1         96.1  
 85        71       true    3.49768790e+00    6.10622664e-16      87.0         69.7  
 86        67       true    1.05541396e+00    1.11022302e-16      87.9         73.9  
 87        99       true    1.05584768e+00    2.22044605e-16     130.9        109.6  
 88        96       true    2.92517158e+00    2.22044605e-16     118.6         98.5  
 89        84       true    3.17766358e+00    2.22044605e-16     104.2         87.2  
 90        75       true    4.03692406e+00    2.22044605e-16      89.5         74.5  
 91        75       true    3.88283478e+00    2.22044605e-16      95.9         80.9  
 92        89       true    2.15997598e+00    2.22044605e-16     106.4         88.1  
 93       122       true    1.72773799e+00    2.22044605e-16     149.7        125.7  
 94       124       true    2.23173142e+00    9.43689571e-16     149.6        122.6  
 95        88       true    2.59554436e+00    6.16173779e-15     107.1         89.1  
 96        75       true    1.59701149e+00    1.11022302e-16      96.8         81.1  
 97       103       true    2.92808048e+00    2.22044605e-16     138.0        114.0  
 98        91       true    4.30284488e+00    8.88178420e-16     123.0        104.0  
 99        73       true    3.34231439e+00    2.22044605e-16      88.7         73.3  
 100        74       true    5.04131037e+00    2.22044605e-16      93.4         78.4  
