 seed  iterations  status     objective           primal        wall (ms)   solver(ms)  
  1       413       true    3.31713320e+04    1.84428992e-07     63632.8          0.0  
  2       409       true    3.42420359e+04    8.95268341e-08     62627.3          0.0  
  3       414       true    4.53452644e+04    7.16204877e-13     63502.9          0.0  
  4       413       true    3.11389431e+04    1.64041676e-07     63552.1          0.0  
  5       364       true    1.05737982e+04    5.06407372e-09     55735.1          0.0  
  6       415       true    2.78174030e+04    2.01515352e-07     63591.8          0.0  
  7       410       true    3.72285086e+04    1.44023170e-07     63195.1          0.0  
  8       418       true    3.59913465e+04    1.02473586e-12     64194.1          0.0  
  9       412       true    2.38915843e+04    7.79715068e-08     63574.8          0.0  
 10       406       true    1.51872271e+04    8.12334994e-09     62106.6          0.0  
 11       414       true    3.93110226e+04    5.36015681e-13     63417.3          0.0  
 12       410       true    2.65943608e+04    5.89707660e-08     63305.0          0.0  
 13       410       true    3.17385283e+04    7.88309816e-08     63069.2          0.0  
 14       418       true    3.90335559e+04    1.01940678e-12     64500.3          0.0  
 15       412       true    3.34335262e+04    1.56159624e-07     63455.9          0.0  
 16       381       true    1.25202251e+04    6.52897553e-09     59516.8          0.0  
 17       415       true    3.18463238e+04    2.69013971e-07     63611.5          0.0  
 18       411       true    3.91365336e+04    1.91119987e-07     64439.0          0.0  
 19       416       true    3.40751492e+04    7.00550732e-13     63852.0          0.0  
 20       410       true    3.33096145e+04    1.03657158e-07     63341.7          0.0  
 21       376       true    1.20871878e+04    7.35888062e-09     57873.0          0.0  
 22       396       true    1.44040475e+04    6.56019217e-09     60951.6          0.0  
 23       414       true    3.85674001e+04    5.63327167e-13     63396.3          0.0  
 24       417       true    3.74541798e+04    9.96314146e-13     64907.8          0.0  
 25       409       true    1.80583533e+04    1.35999947e-08     62954.5          0.0  
 26       363       true    1.04334882e+04    4.84855278e-09     57207.9          0.0  
 27       397       true    1.47271654e+04    1.28595364e-08     60963.4          0.0  
 28       409       true    1.61956022e+04    1.16447901e-08     63775.4          0.0  
 29       411       true    3.93981666e+04    1.99377474e-07     63229.7          0.0  
 30       414       true    4.46783073e+04    6.45261626e-13     65408.8          0.0  
 31       412       true    3.45018389e+04    1.67369029e-07     63132.9          0.0  
 32       393       true    1.43496819e+04    5.93946631e-09     61144.5          0.0  
 33       410       true    3.71158773e+04    1.41762994e-07     63063.4          0.0  
 34       411       true    2.58066342e+04    7.71150496e-08     63134.8          0.0  
 35       414       true    3.05016607e+04    2.30825045e-07     63714.4          0.0  
 36       419       true    4.16018559e+04    1.18904886e-12     65080.8          0.0  
 37       410       true    2.02913406e+04    2.85116817e-08     63379.2          0.0  
 38       414       true    2.93000878e+04    2.06888830e-07     63797.9          0.0  
 39       414       true    3.03546486e+04    1.70998166e-07     63803.4          0.0  
 40       411       true    3.13204256e+04    1.08614399e-07     64355.2          0.0  
 41       411       true    2.28737559e+04    5.14898760e-08     63091.0          0.0  
 42       412       true    2.44748698e+04    8.44503498e-08     64911.8          0.0  
 43       409       true    2.08921685e+04    2.17192510e-08     62587.0          0.0  
 44       410       true    1.92734583e+04    2.68949130e-08     63026.7          0.0  
 45       416       true    4.20193880e+04    8.40882924e-13     63999.2          0.0  
 46       413       true    2.71388698e+04    1.14057629e-07     65051.3          0.0  
 47       411       true    2.28613403e+04    5.56909425e-08     62731.5          0.0  
 48       414       true    3.24193677e+04    2.59887699e-07     64542.3          0.0  
 49       410       true    2.19986076e+04    3.34466389e-08     63161.1          0.0  
 50       410       true    1.86619712e+04    2.08514476e-08     63846.7          0.0  
 51       416       true    4.34971603e+04    8.92952384e-13     64200.4          0.0  
 52       410       true    2.56296642e+04    4.30754872e-08     63475.7          0.0  
 53       410       true    3.57570240e+04    1.14052232e-07     63347.8          0.0  
 54       419       true    3.98493377e+04    1.30706557e-12     65458.3          0.0  
 55       408       true    1.58831620e+04    9.46569045e-09     62592.4          0.0  
 56       410       true    2.27498641e+04    3.38994309e-08     63435.7          0.0  
 57       408       true    1.76222174e+04    1.17598893e-08     62802.2          0.0  
 58       417       true    3.90533762e+04    8.35886919e-13     64499.6          0.0  
 59       408       true    1.64067555e+04    2.03288428e-08     62688.9          0.0  
 60       413       true    3.24094924e+04    1.79462538e-07     63825.4          0.0  
 61       411       true    2.34869055e+04    4.70076361e-08     63126.8          0.0  
 62       414       true    3.17147454e+04    2.18515285e-07     64010.8          0.0  
 63       414       true    3.00754466e+04    1.82688428e-07     63395.9          0.0  
 64       414       true    3.17699493e+04    2.13747645e-07     64506.0          0.0  
 65       410       true    1.92671356e+04    2.69605960e-08     63020.7          0.0  
 66       412       true    2.52439948e+04    9.08796910e-08     64823.5          0.0  
 67       393       true    1.39338588e+04    1.07656138e-08     60418.8          0.0  
 68       371       true    1.13742112e+04    6.62959820e-09     57019.2          0.0  
 69       417       true    3.75308917e+04    9.55124872e-13     64446.6          0.0  
 70       410       true    1.90255062e+04    2.41065020e-08     62884.8          0.0  
 71       414       true    4.49255304e+04    6.07291998e-13     63564.0          0.0  
 72       411       true    2.64064630e+04    6.74111972e-08     63190.1          0.0  
 73       417       true    3.05592050e+04    9.17488310e-13     64044.2          0.0  
 74       412       true    4.22560206e+04    3.02454936e-07     63613.4          0.0  
 75       398       true    1.44274349e+04    6.69200351e-09     61323.6          0.0  
 76       410       true    2.03433217e+04    2.55032299e-08     62806.9          0.0  
 77       415       true    3.17452565e+04    2.71989475e-07     63635.9          0.0  
 78       412       true    2.42577462e+04    7.88401673e-08     63628.3          0.0  
 79       409       true    1.85119822e+04    1.73005871e-08     62843.1          0.0  
 80       414       true    2.61095727e+04    1.53638039e-07     63303.9          0.0  
 81       408       true    1.65183430e+04    1.05691555e-08     62931.8          0.0  
 82       390       true    1.34891840e+04    8.72514572e-09     59952.4          0.0  
 83       412       true    4.23849849e+04    3.07098188e-07     63338.7          0.0  
 84       415       true    3.44011032e+04    5.57776051e-13     63804.4          0.0  
 85       419       true    4.44072206e+04    1.36302081e-12     64487.0          0.0  
 86       383       true    1.27216753e+04    4.74700834e-09     58613.7          0.0  
 87       418       true    3.17852940e+04    1.24111832e-12     64537.6          0.0  
 88       393       true    1.44966298e+04    5.80460446e-09     60210.1          0.0  
 89       408       true    1.63214855e+04    1.11407734e-08     62577.2          0.0  
 90       411       true    2.66324966e+04    8.40621278e-08     62999.5          0.0  
 91       413       true    2.61774434e+04    1.25625378e-07     63206.2          0.0  
 92       412       true    3.34396314e+04    1.78179105e-07     62868.7          0.0  
 93       411       true    2.13640426e+04    3.86617336e-08     63268.8          0.0  
 94       417       true    3.80021453e+04    9.71667195e-13     64395.1          0.0  
 95       372       true    1.17013934e+04    6.84860069e-09     57110.8          0.0  
 96       408       true    1.56630865e+04    8.99367075e-09     62666.0          0.0  
 97       411       true    2.10508166e+04    4.31747237e-08     63018.2          0.0  
 98       376       true    1.20015202e+04    7.58744612e-09     57444.1          0.0  
 99       409       true    1.67997508e+04    1.34296386e-08     63029.4          0.0  
 100       413       true    2.89022595e+04    1.53947612e-07     63142.3          0.0  
 101       410       true    1.92235698e+04    2.84850545e-08     62979.6          0.0  
 102       409       true    1.70243593e+04    1.44049803e-08     62763.7          0.0  
 103       415       true    2.76982662e+04    1.94467804e-07     63695.0          0.0  
 104       414       true    2.71416449e+04    1.62645927e-07     63225.1          0.0  
 105       409       true    1.65885923e+04    1.18384903e-08     63045.2          0.0  
 106       418       true    3.63652453e+04    1.23656641e-12     64516.1          0.0  
 107       382       true    1.26098523e+04    4.52131504e-09     58590.4          0.0  
 108       419       true    3.95397080e+04    1.13364874e-12     64599.7          0.0  
 109       393       true    1.40515804e+04    6.07899286e-09     60742.9          0.0  
 110       411       true    2.98359686e+04    1.02757585e-07     62926.4          0.0  
 111       409       true    1.75078670e+04    1.63398728e-08     62786.4          0.0  
 112       412       true    4.22402802e+04    2.99930051e-07     63066.1          0.0  
 113       417       true    3.06518444e+04    1.07247545e-12     64365.1          0.0  
 114       412       true    3.06852304e+04    1.18943262e-07     63594.8          0.0  
 115       422       true    4.31625987e+04    1.98319139e-12     65020.0          0.0  
 116       415       true    3.85641410e+04    7.49955658e-13     63924.0          0.0  
 117       374       true    1.18841114e+04    7.43053535e-09     57635.7          0.0  
 118       411       true    2.23404937e+04    5.52259675e-08     63138.0          0.0  
 119       404       true    1.49142261e+04    8.02892181e-09     62049.2          0.0  
 120       413       true    2.51604225e+04    1.07981259e-07     63654.1          0.0  
 121       385       true    1.30352744e+04    5.12920667e-09     59251.2          0.0  
 122       413       true    3.52031928e+04    2.13338215e-07     63070.0          0.0  
 123       414       true    4.07814768e+04    5.50781648e-13     63996.2          0.0  
 124       417       true    3.32389549e+04    6.83231252e-13     64353.8          0.0  
 125       411       true    2.27879947e+04    5.83232419e-08     63065.2          0.0  
 126       411       true    3.84509363e+04    1.74048863e-07     62995.5          0.0  
 127       411       true    2.43776095e+04    5.51488072e-08     63123.1          0.0  
 128       414       true    2.85032434e+04    1.89430004e-07     63427.6          0.0  
 129       406       true    1.53476412e+04    7.86855414e-09     62630.5          0.0  
 130       399       true    1.43909305e+04    1.10303390e-08     61270.0          0.0  
 131       398       true    1.45106869e+04    9.95990557e-09     61193.2          0.0  
 132       412       true    4.14159108e+04    2.66977403e-07     63412.0          0.0  
 133       409       true    2.16068727e+04    2.41295263e-08     63049.5          0.0  
 134       409       true    1.67808335e+04    1.22184674e-08     62810.8          0.0  
 135       390       true    1.36262628e+04    6.04973138e-09     60115.6          0.0  
 136       370       true    1.14992110e+04    6.53296067e-09     56807.9          0.0  
 137       409       true    1.78845879e+04    1.38698131e-08     63138.0          0.0  
 138       381       true    1.26299228e+04    8.67201710e-09     58800.9          0.0  
 139       384       true    1.28037414e+04    4.95649832e-09     61627.6          0.0  
 140       415       true    3.20343252e+04    2.66909702e-07     66326.0          0.0  
 141       411       true    2.04968051e+04    3.88236206e-08     66186.5          0.0  
 142       393       true    1.43435098e+04    1.15930914e-08     63035.2          0.0  
 143       416       true    2.93807606e+04    2.83015660e-07     63719.1          0.0  
 144       409       true    2.16677586e+04    2.25648384e-08     63146.9          0.0  
 145       399       true    1.46630679e+04    6.71357819e-09     61607.2          0.0  
 146       412       true    3.16956305e+04    1.44513831e-07     63050.3          0.0  
 147       410       true    2.02866101e+04    3.19223039e-08     63119.5          0.0  
 148       410       true    1.91027082e+04    2.21940495e-08     63105.7          0.0  
 149       420       true    3.99362603e+04    1.49491531e-12     64943.7          0.0  
 150       415       true    3.06959099e+04    2.31245253e-07     63705.9          0.0  
 151       416       true    3.83780184e+04    7.92144133e-13     64254.4          0.0  
 152       413       true    2.89189101e+04    1.55006209e-07     62848.1          0.0  
 153       412       true    2.47974956e+04    8.07771048e-08     63665.6          0.0  
 154       410       true    3.02984058e+04    6.97577434e-08     62978.2          0.0  
 155       410       true    3.55076511e+04    1.09692581e-07     63024.4          0.0  
 156       409       true    1.80282931e+04    1.80164990e-08     63111.8          0.0  
 157       412       true    4.18526064e+04    2.83363423e-07     64058.1          0.0  
 158       416       true    3.57553372e+04    8.72857346e-13     63928.7          0.0  
 159       415       true    3.67841912e+04    5.84310381e-13     64301.4          0.0  
 160       378       true    1.20980133e+04    4.03230682e-09     58302.3          0.0  
 161       409       true    2.85626440e+04    4.39657384e-08     62803.6          0.0  
 162       411       true    3.90843559e+04    1.90383018e-07     63242.3          0.0  
 163       410       true    3.17314892e+04    8.97701000e-08     62914.2          0.0  
 164       417       true    3.63117147e+04    9.21485115e-13     64015.1          0.0  
 165       419       true    3.47873114e+04    1.26210154e-12     64904.7          0.0  
 166       412       true    2.68486049e+04    1.04325742e-07     63446.6          0.0  
 167       411       true    4.02078435e+04    2.24836993e-07     63229.5          0.0  
 168       409       true    1.64736863e+04    1.18955485e-08     65478.1          0.0  
 169       412       true    4.14942992e+04    2.68733393e-07     66569.7          0.0  
 170       399       true    1.50199000e+04    7.03877684e-09     63651.6          0.0  
 171       397       true    1.46549872e+04    1.08750066e-08     63970.3          0.0  
 172       411       true    2.36348482e+04    5.51465106e-08     65723.4          0.0  
 173       419       true    4.01572297e+04    1.17661437e-12     67466.8          0.0  
 174       416       true    3.52023194e+04    8.78519483e-13     66750.2          0.0  
 175       418       true    3.21364731e+04    9.88875651e-13     67388.9          0.0  
 176       410       true    1.94210086e+04    2.86079623e-08     65678.4          0.0  
 177       375       true    1.20527991e+04    7.18576587e-09     60698.5          0.0  
 178       408       true    1.65785920e+04    1.00733792e-08     65408.9          0.0  
 179       409       true    3.40930042e+04    8.72335699e-08     65399.5          0.0  
 180       385       true    1.29832022e+04    9.78479070e-09     61788.1          0.0  
 181       379       true    1.23616434e+04    7.99077760e-09     61253.5          0.0  
 182       413       true    2.45009349e+04    9.20445707e-08     65904.5          0.0  
 183       395       true    1.40565937e+04    6.38245884e-09     63821.5          0.0  
 184       418       true    3.59556824e+04    9.87321339e-13     66966.5          0.0  
 185       410       true    1.89920421e+04    2.32720201e-08     65717.8          0.0  
 186       411       true    3.92919615e+04    1.96362110e-07     63286.0          0.0  
 187       415       true    3.17990891e+04    2.87326172e-07     64250.2          0.0  
 188       389       true    1.34422911e+04    5.63628899e-09     62228.5          0.0  
 189       420       true    4.38832344e+04    1.35413903e-12     68160.0          0.0  
 190       415       true    3.13140230e+04    2.38953337e-07     66732.0          0.0  
 191       364       true    1.07127990e+04    4.99951813e-09     58645.4          0.0  
 192       410       true    2.09392989e+04    3.06243017e-08     65529.5          0.0  
 193       411       true    2.31601205e+04    5.64934797e-08     66377.7          0.0  
 194       419       true    4.34787021e+04    1.25910394e-12     67220.7          0.0  
 195       408       true    1.57890381e+04    9.80465181e-09     65623.7          0.0  
 196       409       true    1.66930469e+04    1.20651774e-08     65706.4          0.0  
 197       411       true    2.23817274e+04    4.36747417e-08     66122.1          0.0  
 198       414       true    2.76812707e+04    1.50967220e-07     66692.1          0.0  
 199       408       true    1.56904147e+04    9.79774550e-09     65409.0          0.0  
 200       410       true    1.90289439e+04    2.15352308e-08     65227.0          0.0  
 201       416       true    3.87167372e+04    7.90589820e-13     67391.1          0.0  
 202       418       true    3.37331397e+04    1.05637721e-12     67238.8          0.0  
 203       366       true    1.09846336e+04    5.44804735e-09     56381.0          0.0  
 204       415       true    3.23072030e+04    2.68247161e-07     63971.3          0.0  
 205       409       true    1.76843941e+04    1.72762707e-08     63303.3          0.0  
 206       381       true    1.24191143e+04    4.34327418e-09     58479.8          0.0  
 207       417       true    4.14270916e+04    6.90114637e-13     64759.2          0.0  
 208       371       true    1.17291863e+04    6.74459461e-09     59574.1          0.0  
 209       364       true    1.06779635e+04    5.32320477e-09     58853.2          0.0  
 210       416       true    3.44498216e+04    6.17839116e-13     66800.0          0.0  
 211       413       true    2.69846958e+04    1.35506186e-07     66571.3          0.0  
 212       406       true    1.51842097e+04    1.49453158e-08     65151.8          0.0  
 213       408       true    1.71507762e+04    1.22998723e-08     63353.6          0.0  
 214       391       true    1.36051097e+04    5.70135800e-09     60310.9          0.0  
 215       410       true    3.71848823e+04    1.42595869e-07     63427.2          0.0  
 216       417       true    3.51756722e+04    1.03750342e-12     64321.3          0.0  
 217       410       true    2.93697014e+04    7.50826855e-08     63438.0          0.0  
 218       419       true    4.31802880e+04    1.27653444e-12     64305.4          0.0  
 219       409       true    1.71608368e+04    1.42396461e-08     63010.7          0.0  
 220       411       true    2.41338329e+04    5.93012467e-08     63252.6          0.0  
 221       413       true    4.29756507e+04    6.59361458e-13     63981.9          0.0  
 222       411       true    3.25490234e+04    1.17777266e-07     63404.0          0.0  
 223       413       true    2.64896539e+04    1.32115846e-07     63746.8          0.0  
 224       413       true    2.34618163e+04    8.00850545e-08     63218.6          0.0  
 225       410       true    2.09027332e+04    3.49463460e-08     62872.2          0.0  
 226       408       true    1.55861263e+04    8.40746367e-09     62792.0          0.0  
 227       420       true    4.10127163e+04    1.48203672e-12     64867.0          0.0  
 228       413       true    2.60631632e+04    1.24030512e-07     63301.4          0.0  
 229       411       true    2.21888807e+04    4.94540583e-08     63726.1          0.0  
 230       414       true    2.88462530e+04    1.76002772e-07     63791.7          0.0  
 231       409       true    2.98130681e+04    5.57833768e-08     63169.5          0.0  
 232       385       true    1.31337180e+04    9.70032094e-09     59396.6          0.0  
 233       403       true    1.52120255e+04    1.39771290e-08     62313.9          0.0  
 234       415       true    2.95666326e+04    2.55580966e-07     64227.7          0.0  
 235       414       true    2.91876689e+04    1.95367269e-07     63963.5          0.0  
 236       413       true    3.47406204e+04    2.16020502e-07     63317.6          0.0  
 237       411       true    3.64691066e+04    2.00114815e-07     64008.6          0.0  
 238       410       true    1.84907446e+04    1.93638818e-08     63166.5          0.0  
 239       409       true    1.70141797e+04    1.48502577e-08     63272.2          0.0  
 240       415       true    2.82129696e+04    2.32528770e-07     64405.8          0.0  
 241       412       true    2.82394885e+04    1.14620604e-07     63951.1          0.0  
 242       409       true    1.71010248e+04    1.49242620e-08     62769.8          0.0  
 243       416       true    4.41044751e+04    9.05608926e-13     64400.1          0.0  
 244       413       true    2.67315015e+04    1.19581118e-07     63681.3          0.0  
 245       410       true    1.95786472e+04    3.23975005e-08     63603.4          0.0  
 246       409       true    1.79229081e+04    1.65566177e-08     63962.4          0.0  
 247       417       true    4.49833815e+04    7.85149728e-13     64744.7          0.0  
 248       413       true    3.08097107e+04    1.70271609e-07     63940.2          0.0  
 249       408       true    1.64890446e+04    1.09335798e-08     63220.8          0.0  
 250       411       true    2.53914416e+04    6.48579007e-08     63856.4          0.0  
 251       411       true    2.41952562e+04    5.22183768e-08     63549.5          0.0  
 252       396       true    1.46205893e+04    6.32921016e-09     61199.5          0.0  
 253       412       true    2.56279546e+04    9.57192758e-08     66533.6          0.0  
 254       411       true    3.09593344e+04    1.12120417e-07     66211.6          0.0  
 255       413       true    2.63426486e+04    1.30937340e-07     66848.0          0.0  
 256       410       true    2.09613154e+04    3.44393245e-08     65878.5          0.0  
 257       410       true    2.09900413e+04    3.18276263e-08     66075.0          0.0  
 258       411       true    2.21812095e+04    4.92686870e-08     66675.0          0.0  
 259       417       true    3.25986054e+04    8.36219985e-13     67656.3          0.0  
 260       412       true    3.42479330e+04    2.06232619e-07     65912.1          0.0  
 261       412       true    2.53674861e+04    8.91176432e-08     66730.5          0.0  
 262       371       true    1.15287394e+04    6.82033147e-09     58044.0          0.0  
 263       413       true    2.90158571e+04    1.42757359e-07     63653.7          0.0  
 264       408       true    1.62193074e+04    1.06850440e-08     63154.5          0.0  
 265       415       true    3.16634215e+04    2.72350028e-07     64621.8          0.0  
 266       412       true    4.27191173e+04    3.19868694e-07     63551.1          0.0  
 267       412       true    2.26265240e+04    6.75045014e-08     63845.7          0.0  
 268       410       true    1.95949478e+04    2.39024205e-08     63823.0          0.0  
 269       413       true    3.09266912e+04    1.50484499e-07     64176.1          0.0  
 270       411       true    3.93275660e+04    1.96383409e-07     64252.5          0.0  
 271       416       true    3.44189982e+04    9.24815783e-13     64846.0          0.0  
 272       414       true    2.75712623e+04    1.68819458e-07     64136.1          0.0  
 273       411       true    4.05108650e+04    2.35214980e-07     63934.9          0.0  
 274       413       true    2.92488644e+04    1.66344680e-07     64776.7          0.0  
 275       410       true    2.22590486e+04    3.02517025e-08     63560.4          0.0  
 276       409       true    3.51708177e+04    1.04466751e-07     63929.7          0.0  
 277       416       true    3.57996691e+04    8.29558647e-13     64961.7          0.0  
 278       417       true    3.46864318e+04    8.52984353e-13     65229.7          0.0  
 279       415       true    2.78321153e+04    1.95001967e-07     64835.1          0.0  
 280       411       true    3.98439061e+04    2.13569753e-07     64199.5          0.0  
 281       368       true    1.11541546e+04    6.12923601e-09     57227.7          0.0  
 282       412       true    2.17456177e+04    5.59030917e-08     64476.8          0.0  
 283       410       true    1.99830144e+04    2.98187670e-08     63584.8          0.0  
 284       375       true    1.18300699e+04    7.50912815e-09     58399.1          0.0  
 285       408       true    3.15667739e+04    5.71259234e-08     63561.7          0.0  
 286       418       true    3.28312516e+04    1.10200738e-12     64600.5          0.0  
 287       394       true    1.41204650e+04    5.92117327e-09     61060.1          0.0  
 288       387       true    1.32238121e+04    5.05276404e-09     60285.9          0.0  
 289       415       true    2.98803021e+04    2.23171151e-07     64801.2          0.0  
 290       414       true    3.79838731e+04    5.65325568e-13     63657.6          0.0  
 291       410       true    2.10822068e+04    3.01219505e-08     64256.9          0.0  
 292       414       true    3.44053432e+04    2.66372815e-07     63836.1          0.0  
 293       418       true    4.02766885e+04    8.68971565e-13     65385.9          0.0  
 294       414       true    4.04957956e+04    5.50337557e-13     64200.3          0.0  
 295       409       true    1.70407185e+04    1.31471533e-08     64099.6          0.0  
 296       414       true    2.69737830e+04    1.45896635e-07     64521.5          0.0  
 297       408       true    1.55711096e+04    8.85836188e-09     63834.8          0.0  
 298       411       true    4.06879399e+04    2.40304149e-07     64695.4          0.0  
 299       415       true    3.20387063e+04    2.56471027e-07     64276.3          0.0  
 300       417       true    3.05460838e+04    9.42135262e-13     64925.1          0.0  
 301       410       true    1.99496233e+04    3.02008072e-08     64142.3          0.0  
 302       410       true    1.92445974e+04    2.83714633e-08     65755.6          0.0  
 303       378       true    1.20828779e+04    8.09221018e-09     61455.4          0.0  
 304       417       true    3.66729535e+04    8.78297439e-13     67683.6          0.0  
 305       410       true    2.52686900e+04    5.68661597e-08     66143.8          0.0  
 306       411       true    4.07503953e+04    2.41604116e-07     66261.9          0.0  
 307       413       true    3.61207202e+04    2.49578454e-07     66907.5          0.0  
 308       411       true    2.59620117e+04    6.64078859e-08     65638.4          0.0  
 309       411       true    1.99846346e+04    3.73611293e-08     66941.4          0.0  
 310       410       true    2.30007266e+04    3.99851567e-08     65778.4          0.0  
 311       403       true    1.48838481e+04    7.68632541e-09     64990.2          0.0  
 312       414       true    2.60828075e+04    1.46078926e-07     66448.0          0.0  
 313       411       true    4.04286081e+04    2.33138533e-07     66574.2          0.0  
 314       416       true    3.30875269e+04    8.17679260e-13     67004.9          0.0  
 315       392       true    1.41432195e+04    5.90381771e-09     63550.6          0.0  
 316       410       true    2.10510476e+04    3.47035287e-08     65956.2          0.0  
 317       411       true    2.90667261e+04    8.64337668e-08     66255.6          0.0  
 318       413       true    2.74109072e+04    1.20824800e-07     66251.8          0.0  
 319       412       true    2.34280996e+04    7.38646089e-08     66717.4          0.0  
 320       414       true    2.94719076e+04    1.89981284e-07     66931.3          0.0  
 321       418       true    3.63915109e+04    1.06248344e-12     68011.7          0.0  
 322       409       true    1.67656335e+04    1.34077089e-08     65771.4          0.0  
 323       411       true    2.28359291e+04    5.11807766e-08     66554.4          0.0  
 324       412       true    3.89551425e+04    2.18732327e-07     65794.2          0.0  
 325       397       true    1.43054629e+04    6.64457267e-09     64418.6          0.0  
 326       411       true    4.12721994e+04    2.61814839e-07     65647.8          0.0  
 327       403       true    1.50535497e+04    7.45303108e-09     65423.2          0.0  
 328       367       true    1.10463329e+04    5.75364284e-09     59120.7          0.0  
 329       409       true    1.58990094e+04    1.04446513e-08     65988.7          0.0  
 330       370       true    1.16060016e+04    6.33162001e-09     59482.5          0.0  
 331       409       true    1.79027772e+04    1.59621728e-08     66219.4          0.0  
 332       370       true    1.14985322e+04    6.56632038e-09     59073.4          0.0  
 333       418       true    4.33845236e+04    1.26321176e-12     68033.5          0.0  
 334       409       true    2.11022261e+04    2.64310551e-08     65700.4          0.0  
 335       410       true    1.98790759e+04    2.45744309e-08     66839.6          0.0  
 336       418       true    3.83836986e+04    1.08768550e-12     66945.9          0.0  
 337       372       true    1.15805806e+04    6.64525862e-09     60394.8          0.0  
 338       409       true    1.70213523e+04    1.47288034e-08     65628.5          0.0  
 339       385       true    1.31262241e+04    4.82835039e-09     62798.8          0.0  
 340       365       true    1.08434896e+04    5.32478184e-09     58714.1          0.0  
 341       387       true    1.32628122e+04    1.01344271e-08     63153.6          0.0  
 342       420       true    4.61946967e+04    1.70274906e-12     67690.7          0.0  
 343       409       true    1.72129485e+04    1.37511733e-08     66335.6          0.0  
 344       411       true    2.40219066e+04    6.17180725e-08     66151.7          0.0  
 345       411       true    3.93633975e+04    1.99481789e-07     66947.0          0.0  
 346       368       true    1.11364812e+04    5.87541521e-09     59178.0          0.0  
 347       414       true    2.78218489e+04    1.59423988e-07     67386.6          0.0  
 348       412       true    2.35499951e+04    6.50038332e-08     66095.0          0.0  
 349       413       true    2.58968225e+04    1.11038556e-07     67175.8          0.0  
 350       414       true    3.13885095e+04    1.96082536e-07     66251.8          0.0  
 351       413       true    4.34047813e+04    5.14699398e-13     67583.2          0.0  
 352       415       true    3.58444149e+04    6.45594692e-13     67015.5          0.0  
 353       403       true    1.51035256e+04    7.59097696e-09     65313.6          0.0  
 354       418       true    4.43701272e+04    1.16195942e-12     67251.5          0.0  
 355       412       true    2.42299853e+04    7.97787285e-08     66882.2          0.0  
 356       386       true    1.32203653e+04    7.04814751e-09     62018.0          0.0  
 357       402       true    1.47712787e+04    7.86857152e-09     65382.6          0.0  
 358       408       true    1.56487034e+04    9.22011034e-09     65277.1          0.0  
 359       409       true    1.78029296e+04    1.88846763e-08     66182.5          0.0  
 360       411       true    1.93978561e+04    3.11864090e-08     65970.4          0.0  
 361       408       true    1.58358651e+04    9.59712687e-09     66315.5          0.0  
 362       411       true    3.10259966e+04    1.14781661e-07     65871.3          0.0  
 363       410       true    2.69514523e+04    5.66025561e-08     66361.5          0.0  
 364       407       true    1.54685819e+04    8.58147320e-09     65097.5          0.0  
 365       373       true    1.17124338e+04    7.13190984e-09     60387.2          0.0  
 366       410       true    2.51243282e+04    4.70463297e-08     65992.3          0.0  
 367       410       true    1.79260048e+04    1.99861155e-08     66547.2          0.0  
 368       419       true    3.86157816e+04    1.24722455e-12     67206.9          0.0  
 369       410       true    1.99419752e+04    2.92156256e-08     66710.4          0.0  
 370       416       true    3.05231940e+04    2.91891662e-07     66943.2          0.0  
 371       412       true    2.27597657e+04    7.71021086e-08     67243.2          0.0  
 372       411       true    2.06271755e+04    3.83054453e-08     66153.8          0.0  
 373       413       true    3.64368502e+04    2.60788134e-07     66949.1          0.0  
 374       414       true    4.42993910e+04    6.47926161e-13     66820.8          0.0  
 375       410       true    2.19650588e+04    3.88643774e-08     66745.3          0.0  
 376       413       true    4.35298104e+04    6.79012405e-13     66540.8          0.0  
 377       414       true    3.12620558e+04    2.08129344e-07     67251.6          0.0  
 378       393       true    1.43405580e+04    5.57029084e-09     63473.5          0.0  
 379       409       true    1.74318394e+04    1.46541076e-08     66613.3          0.0  
 380       411       true    3.97575583e+04    2.11419077e-07     65865.9          0.0  
 381       410       true    2.08183140e+04    3.04542526e-08     66636.3          0.0  
 382       421       true    4.58489508e+04    1.66278103e-12     67736.5          0.0  
 383       410       true    3.58854844e+04    1.16745653e-07     66520.4          0.0  
 384       413       true    2.77134036e+04    1.42110475e-07     66643.7          0.0  
 385       364       true    1.06981614e+04    4.97810648e-09     59431.4          0.0  
 386       410       true    1.88331826e+04    2.75886674e-08     65850.4          0.0  
 387       415       true    4.43932107e+04    7.32081066e-13     67662.0          0.0  
 388       412       true    4.24594519e+04    3.08143056e-07     66140.8          0.0  
 389       409       true    2.54343595e+04    4.14800416e-08     66248.8          0.0  
 390       411       true    2.10439819e+04    4.29431677e-08     66344.2          0.0  
 391       412       true    2.38877148e+04    6.40566716e-08     66864.5          0.0  
 392       412       true    4.16849472e+04    2.78245449e-07     65987.7          0.0  
 393       411       true    2.67989401e+04    6.78420435e-08     68148.5          0.0  
 394       383       true    1.30699953e+04    4.54198690e-09     61594.6          0.0  
 395       408       true    1.64093359e+04    9.56423002e-09     66711.1          0.0  
 396       418       true    4.35312567e+04    1.32638345e-12     67162.9          0.0  
 397       397       true    1.46245899e+04    6.60401472e-09     64408.9          0.0  
 398       417       true    3.33058537e+04    8.09463610e-13     66888.9          0.0  
 399       410       true    3.59627649e+04    1.18221329e-07     66528.0          0.0  
 400       409       true    2.11366572e+04    2.68352996e-08     65782.0          0.0  
 401       415       true    4.48864021e+04    5.93303188e-13     67352.7          0.0  
 402       417       true    4.29083008e+04    7.64610602e-13     67352.5          0.0  
 403       408       true    1.59193910e+04    1.04617953e-08     66145.0          0.0  
 404       417       true    3.60784509e+04    7.69495581e-13     67032.6          0.0  
 405       410       true    2.19857220e+04    3.07898809e-08     66686.3          0.0  
 406       413       true    3.41015997e+04    1.74337976e-07     66875.6          0.0  
 407       411       true    3.47107189e+04    1.50795036e-07     66459.9          0.0  
 408       411       true    2.48945994e+04    5.84297598e-08     66141.7          0.0  
 409       418       true    4.25723155e+04    1.02351461e-12     67913.7          0.0  
 410       384       true    1.30780247e+04    4.55072802e-09     61818.7          0.0  
 411       417       true    3.45727816e+04    1.00708331e-12     68696.3          0.0  
 412       411       true    2.04484423e+04    3.83271865e-08     66126.5          0.0  
 413       409       true    3.22109986e+04    7.43657257e-08     66477.9          0.0  
 414       412       true    3.74313132e+04    2.34426664e-07     66324.5          0.0  
 415       410       true    1.90421731e+04    2.20080265e-08     66751.4          0.0  
 416       418       true    3.54666230e+04    8.67750319e-13     67036.1          0.0  
 417       418       true    3.75104508e+04    1.04849463e-12     68076.5          0.0  
 418       379       true    1.22522008e+04    4.29179836e-09     61023.3          0.0  
 419       415       true    3.20341488e+04    2.70430628e-07     67129.5          0.0  
 420       411       true    2.18817417e+04    4.68284167e-08     66293.4          0.0  
 421       409       true    1.66613545e+04    1.42545992e-08     66327.8          0.0  
 422       402       true    1.46780586e+04    1.08490450e-08     64396.0          0.0  
 423       410       true    1.90917553e+04    2.54482166e-08     66786.9          0.0  
 424       409       true    1.83238520e+04    1.73967409e-08     65696.2          0.0  
 425       418       true    3.33452279e+04    1.05304654e-12     67729.6          0.0  
 426       414       true    2.82359078e+04    1.66475340e-07     66577.4          0.0  
 427       414       true    4.45268250e+04    7.65498779e-13     67162.1          0.0  
 428       410       true    2.02146088e+04    2.71508998e-08     65647.3          0.0  
 429       396       true    1.45755178e+04    9.36209776e-09     64443.2          0.0  
 430       414       true    4.42920386e+04    5.45008486e-13     66735.6          0.0  
 431       411       true    2.00086734e+04    3.72467125e-08     66269.9          0.0  
 432       414       true    4.55215546e+04    6.33493261e-13     66729.0          0.0  
 433       409       true    2.00631326e+04    2.38965531e-08     66441.8          0.0  
 434       411       true    3.94873386e+04    2.02575663e-07     65797.4          0.0  
 435       411       true    1.99382259e+04    3.45378844e-08     66818.5          0.0  
 436       409       true    2.03132199e+04    2.24576002e-08     65744.4          0.0  
 437       411       true    2.35441951e+04    6.44873185e-08     66963.6          0.0  
 438       365       true    1.07109018e+04    5.42161560e-09     58726.2          0.0  
 439       410       true    1.83387145e+04    2.26540364e-08     66640.8          0.0  
 440       409       true    3.34832946e+04    9.24251068e-08     65532.9          0.0  
 441       391       true    1.39899218e+04    1.11555539e-08     64009.3          0.0  
 442       420       true    3.80749518e+04    1.54642965e-12     67559.1          0.0  
 443       415       true    2.89372960e+04    2.11354017e-07     66998.9          0.0  
 444       412       true    4.16717546e+04    2.78094252e-07     66216.9          0.0  
 445       399       true    1.46155174e+04    1.18958257e-08     64985.5          0.0  
 446       412       true    2.43736292e+04    8.99118003e-08     66305.7          0.0  
 447       416       true    3.60710808e+04    7.92366176e-13     67828.4          0.0  
 448       415       true    3.00842736e+04    2.36101179e-07     66496.7          0.0  
 449       408       true    1.54015825e+04    9.36202021e-09     66331.4          0.0  
 450       414       true    3.15424933e+04    2.10016112e-07     66839.8          0.0  
 451       412       true    3.73357222e+04    2.33216039e-07     66574.3          0.0  
 452       409       true    1.90150730e+04    2.00358699e-08     65769.0          0.0  
 453       413       true    3.71518221e+04    2.21752921e-07     67226.4          0.0  
 454       370       true    1.14673442e+04    6.75951417e-09     59597.9          0.0  
 455       416       true    4.67826250e+04    8.38995543e-13     67404.8          0.0  
 456       409       true    1.72265893e+04    2.32025774e-08     65715.5          0.0  
 457       400       true    1.45934440e+04    7.48965084e-09     65039.6          0.0  
 458       411       true    4.11120261e+04    2.56708909e-07     66000.4          0.0  
 459       410       true    2.60062878e+04    5.18209432e-08     66548.0          0.0  
 460       417       true    3.48552015e+04    8.87179223e-13     67298.6          0.0  
 461       414       true    2.75366413e+04    1.72384764e-07     67109.9          0.0  
 462       410       true    2.36220078e+04    3.63569257e-08     66117.4          0.0  
 463       411       true    3.91876677e+04    1.94245563e-07     66789.4          0.0  
 464       411       true    2.20937393e+04    5.38897935e-08     66078.1          0.0  
 465       376       true    1.19408121e+04    7.46417939e-09     61268.3          0.0  
 466       411       true    2.05950338e+04    3.99152162e-08     66523.1          0.0  
 467       415       true    3.95403061e+04    7.12541142e-13     67395.6          0.0  
 468       413       true    2.63493399e+04    1.08830404e-07     67023.8          0.0  
 469       373       true    1.16465580e+04    7.03262959e-09     60796.2          0.0  
 470       413       true    3.64172138e+04    2.62832902e-07     66531.4          0.0  
 471       408       true    1.59321669e+04    1.01051103e-08     66182.2          0.0  
 472       413       true    3.68444302e+04    2.47057023e-07     66631.5          0.0  
 473       394       true    1.40326362e+04    6.06777650e-09     64010.5          0.0  
 474       411       true    2.57628424e+04    6.37590228e-08     66973.9          0.0  
 475       412       true    3.06134285e+04    1.33582837e-07     66749.5          0.0  
 476       387       true    1.32525611e+04    5.55582275e-09     62803.4          0.0  
 477       412       true    3.43166572e+04    1.81720528e-07     66865.5          0.0  
 478       419       true    3.56180448e+04    1.35258471e-12     67732.1          0.0  
 479       410       true    2.54360824e+04    4.97429545e-08     66468.6          0.0  
 480       391       true    1.38942328e+04    5.65974406e-09     63103.2          0.0  
 481       412       true    2.36676485e+04    7.44964004e-08     67078.9          0.0  
 482       414       true    2.61922147e+04    1.50999295e-07     66627.4          0.0  
 483       410       true    2.58821599e+04    5.46772456e-08     66801.2          0.0  
 484       409       true    1.67714699e+04    1.32166740e-08     65776.1          0.0  
 485       412       true    3.05487742e+04    1.45395944e-07     66898.5          0.0  
 486       380       true    1.26298154e+04    3.99668099e-09     61412.7          0.0  
 487       410       true    1.83538476e+04    2.31500867e-08     66707.8          0.0  
 488       411       true    3.62577044e+04    1.69661573e-07     65906.4          0.0  
 489       412       true    3.17172008e+04    1.47496532e-07     67247.7          0.0  
 490       416       true    3.98430157e+04    6.85118632e-13     66857.9          0.0  
 491       414       true    2.71198076e+04    1.47129094e-07     67217.4          0.0  
 492       409       true    2.09195777e+04    2.73627119e-08     65999.4          0.0  
 493       413       true    3.98024273e+04    4.83058042e-13     67444.6          0.0  
 494       415       true    3.64373967e+04    7.02549134e-13     66689.5          0.0  
 495       408       true    1.61505481e+04    1.04882377e-08     66311.3          0.0  
 496       411       true    3.04626421e+04    8.16116122e-08     65943.6          0.0  
 497       413       true    2.76440806e+04    1.18168484e-07     66932.5          0.0  
 498       410       true    2.57503295e+04    4.91738422e-08     66345.5          0.0  
 499       411       true    2.10492944e+04    4.52671337e-08     66752.3          0.0  
 500       415       true    4.14322407e+04    6.94999618e-13     66665.9          0.0  
