 seed  iterations  status     objective           primal        wall (ms)   solver(ms)  
  1       537       true    1.22240618e-01    4.51660568e-02      81.1          0.0  
  2       545      false    3.02195926e-01    4.92829048e-02      56.6          0.0  
  3       117      false    5.74045290e-02    1.18321628e-02      32.9          0.0  
  4       492      false    4.09102638e-02    8.86596860e-02      77.3          0.0  
  5       316      false    4.92108068e-02    4.45261718e-02      50.1          0.0  
  6       197       true    4.79828237e-02    3.64306745e-02      48.1          0.0  
  7       281       true    1.17736291e-01    3.83944738e-02      76.1          0.0  
  8       325       true    2.59097649e-01    5.05123454e-02      60.0          0.0  
  9       237      false    1.22838364e-01    7.81063367e-02      35.9          0.0  
 10       257       true    8.24939527e-02    2.73645620e-02      44.0          0.0  
 11       211       true    1.23380990e-01    4.05776734e-02      60.3          0.0  
 12       344      false    1.08651344e-01    4.23777002e-02      38.1          0.0  
 13       258      false    2.61893006e-01    2.27426080e-01      37.3          0.0  
 14       219       true    1.41354343e-01    6.23391489e-02      61.0          0.0  
 15       513       true    1.32381257e-01    6.05627316e-02      73.6          0.0  
 16       285       true    5.95777462e-02    3.77180980e-02      64.6          0.0  
 17       158       true    1.06281640e-01    6.18654914e-02      29.8          0.0  
 18       353       true    1.74658290e-01    3.69895703e-02      35.5          0.0  
 19       376      false    6.78634738e-02    3.25461304e-02      64.2          0.0  
 20       127       true    5.14327678e-02    1.79605667e-01      40.1          0.0  
 21       127       true    1.64477539e-01    8.81357793e-02      45.3          0.0  
 22        94       true    3.72621208e+00    4.55886229e-01      33.1          0.0  
 23       221       true    6.03719062e-02    4.37944793e-02      62.4          0.0  
 24       538      false    1.27059896e-01    6.76793155e-02      74.1          0.0  
 25       357      false    1.10780384e-01    4.76673530e-02      97.0          0.0  
 26       294       true    6.83428586e-01    9.33190413e-02      59.6          0.0  
 27       457      false    1.69402217e-01    1.22143852e-01      85.7          0.0  
 28       411       true    6.49184331e-02    1.31976959e-01      66.3          0.0  
 29       443       true    2.39069462e-01    4.10233191e-02      71.4          0.0  
 30       308       true    6.88083454e-02    3.07683805e-02      81.2          0.0  
 31       321       true    2.00985839e-01    7.62745977e-02      68.1          0.0  
 32       531      false    6.22058408e-02    3.14814983e-02      36.5          0.0  
 33       147      false    5.05121256e-02    1.46302666e-02      30.3          0.0  
 34       290       true    4.95840931e-02    1.12229077e-02      76.8          0.0  
 35       344       true    3.74853310e-01    4.42153783e-02      37.8          0.0  
 36       641      false    1.53581563e-01    2.96418995e-02      75.8          0.0  
 37       343      false    4.59964311e-02    1.42193470e-01      74.2          0.0  
 38       324      false    9.86590760e-02    3.19961265e-02      70.3          0.0  
 39       312      false    1.45509062e-01    5.13542092e-02      41.5          0.0  
 40       220       true    6.23510650e-02    1.47110980e-02      38.8          0.0  
 41       315      false    6.26106361e-02    6.08407668e-02      67.8          0.0  
 42       251       true    7.94608799e-02    2.02393013e-01      55.6          0.0  
 43       447       true    4.54112278e-02    4.41122086e-02      28.1          0.0  
 44       288       true    6.46626696e-01    1.52928777e-01      79.9          0.0  
 45       577      false    8.23114989e-02    4.48874846e-02      47.3          0.0  
 46       289      false    7.46669226e-02    9.54965797e-02      43.4          0.0  
 47       460       true    1.52430315e-01    4.99104292e-02      37.6          0.0  
 48       279      false    9.34151499e-02    3.94414336e-02      76.3          0.0  
 49       494       true    7.07190706e-02    1.83866229e-02      39.6          0.0  
 50       397       true    9.44231799e-02    3.83642917e-02      31.1          0.0  
 51       350       true    5.51149606e-02    5.21350536e-02      61.0          0.0  
 52       522      false    5.28164158e-01    4.86186013e-02      74.3          0.0  
 53       104       true    1.77328534e-01    1.05623057e-01      34.7          0.0  
 54       309      false    5.81913626e-02    1.62307253e-02      33.5          0.0  
 55       344       true    5.75238262e-02    4.98728416e-02      74.0          0.0  
 56       136      false    4.82826417e-02    1.45074740e-02      34.4          0.0  
 57       223      false    5.04465461e-02    3.91038745e-02      34.3          0.0  
 58       307       true    7.54067648e-02    3.64705625e-02      71.7          0.0  
 59       358      false    6.29974175e-02    5.51031351e-02      38.9          0.0  
 60       337       true    1.50508579e-01    5.59137547e-02      71.5          0.0  
 61       470      false    5.98250006e-01    5.78227383e-02      44.5          0.0  
 62       351       true    7.03469007e-02    4.94835121e-02      71.5          0.0  
 63       301      false    6.03884192e-02    3.91109768e-02      65.9          0.0  
 64       525      false    1.88187295e-01    1.21167774e-01      34.6          0.0  
 65       109       true    4.09387539e-02    4.21580718e-03      32.0          0.0  
 66        88      false    4.09502751e-02    5.33213290e-03      30.8          0.0  
 67       416      false    4.67780994e-02    5.03728249e-02      53.7          0.0  
 68       215       true    7.02606685e-02    2.56917664e-02      39.8          0.0  
 69       418      false    5.93299628e-01    9.00843491e-02      74.8          0.0  
 70       282       true    2.58586642e-01    1.59356590e-01      60.5          0.0  
 71       302      false    8.26854509e-02    5.87096981e-02      40.6          0.0  
 72       311       true    1.65804639e-01    1.30525190e-01      37.9          0.0  
 73       413      false    2.42538500e+00    2.22407715e-01      44.1          0.0  
 74       224      false    4.66009716e-02    3.06056718e-03      38.9          0.0  
 75       581       true    2.30515344e-01    6.97356760e-02      41.4          0.0  
 76       225       true    8.12551661e-02    5.53158492e-02      36.4          0.0  
 77       424      false    9.66475133e-02    4.84137396e-02      67.7          0.0  
 78       503      false    5.92375010e-02    4.14507857e-02      45.1          0.0  
 79       382      false    2.19019131e-01    4.47826494e-02      45.5          0.0  
 80       583       true    1.26955011e-01    6.19428986e-02      50.0          0.0  
 81       273       true    2.62245239e-01    9.50228254e-02      58.2          0.0  
 82       173      false    3.08214016e+00    2.37788021e-01      51.2          0.0  
 83       103       true    6.57987073e-02    1.15165008e-02      30.6          0.0  
 84       370      false    1.53927321e-01    4.21606475e-02      73.8          0.0  
 85       573       true    2.30090467e-01    1.21921344e-01     103.6          0.0  
 86       336       true    1.92571841e-01    4.10217410e-02      44.7          0.0  
 87       250       true    2.65475213e-01    1.22498459e-01      70.0          0.0  
 88       243      false    1.43105652e-01    5.74793515e-02      50.8          0.0  
 89       533      false    1.58126738e-01    3.40586109e-01      63.1          0.0  
 90        98       true    7.86606797e-02    5.58794860e-03      30.0          0.0  
 91       147       true    4.11521609e-02    2.15857674e-03      29.6          0.0  
 92       323      false    6.86592689e-02    1.15521005e-01      66.4          0.0  
 93       252       true    5.17630821e-02    4.05866610e-02      70.4          0.0  
 94       109      false    4.80601017e-02    1.05965189e-02      29.5          0.0  
 95       137      false    9.06503804e-02    2.12426787e-02      42.0          0.0  
 96       408      false    3.85631625e-01    9.75584988e-02      52.8          0.0  
 97       412       true    1.00747849e-01    4.84255110e-02      37.3          0.0  
 98       324       true    7.55705598e-02    6.02203511e-02      45.2          0.0  
 99       219       true    1.22087873e-01    6.40590246e-02      31.3          0.0  
 100       445       true    4.95027907e-01    1.36949152e-01     103.3          0.0  
 101       130      false    6.84842989e-02    7.14356108e-02      39.9          0.0  
 102       506       true    1.20252912e-01    1.17993798e-01      60.8          0.0  
 103       255       true    2.46420022e-01    5.68380879e-02      34.4          0.0  
 104       350      false    2.35288529e-01    7.92520478e-02      67.6          0.0  
 105       182       true    1.23398444e+00    9.09262560e-02      55.3          0.0  
 106       617       true    1.05612130e+00    1.62858496e-01      33.6          0.0  
 107       377      false    4.73606444e-02    2.22272989e-02      67.5          0.0  
 108       310       true    1.57113901e+00    2.16307096e-01      78.5          0.0  
 109       111       true    5.27946857e-02    1.17484143e-01      38.0          0.0  
 110       440      false    1.05629963e-01    4.16574600e-02      41.2          0.0  
 111       324       true    3.38430794e-01    7.01068777e-02      64.7          0.0  
 112       434      false    1.36678436e-01    4.86245477e-02      68.2          0.0  
 113       356       true    6.36321052e-02    6.71839255e-02      69.5          0.0  
 114       393       true    2.51114548e-01    9.90753471e-02      74.2          0.0  
 115       343       true    7.02056855e-02    4.56000454e-02      63.7          0.0  
 116       636      false    7.52649538e-02    2.55813675e-02      83.9          0.0  
 117       361       true    3.70587448e-01    1.73684494e-01      72.4          0.0  
 118       438       true    5.96491873e-02    1.13809361e-01      28.1          0.0  
 119        78       true    7.30074635e-02    4.10574353e-02      29.2          0.0  
 120       587       true    9.17752461e-02    2.74677408e-01      53.9          0.0  
 121       107      false    5.39795854e-02    1.72725295e-02      30.3          0.0  
 122       139      false    5.22467794e-02    1.31119960e-02      34.3          0.0  
 123       328       true    1.39767476e-01    3.22947643e-02      86.4          0.0  
 124       309       true    1.01017537e-01    2.06163639e-02      83.9          0.0  
 125       416       true    6.44884697e-02    4.47037987e-02      47.7          0.0  
 126       340       true    3.79629755e-01    1.28991477e-01      69.4          0.0  
 127       131      false    7.35119001e-02    4.33626991e-03      21.6          0.0  
 128       502      false    6.75217291e-02    3.10259484e-02      86.0          0.0  
 129       233       true    7.60903592e-02    6.18876249e-02      58.8          0.0  
 130       334       true    1.89607330e-01    1.32131904e-01      30.3          0.0  
 131       137      false    7.17504724e-02    1.53766621e-02      32.2          0.0  
 132       371      false    8.83495709e-02    9.38877162e-02      52.4          0.0  
 133       251       true    8.76928183e-02    5.52043620e-02      66.6          0.0  
 134       344       true    3.50732155e-01    4.84046782e-02      34.6          0.0  
 135       246      false    1.16972339e-01    4.13841736e-02      68.1          0.0  
 136       320      false    5.78347172e-02    6.86672929e-02      32.0          0.0  
 137       171       true    6.38879362e-02    4.35523330e-02      37.1          0.0  
 138       278       true    5.79887864e-02    4.27761132e-02      55.3          0.0  
 139       124      false    7.46839493e-02    2.29366861e-01      31.6          0.0  
 140       327      false    4.77370037e-02    1.40298530e-02      50.5          0.0  
 141       442      false    8.62811549e-02    3.51959846e-02      65.6          0.0  
 142       132       true    1.07909815e+00    1.04885728e-01      42.2          0.0  
 143       346       true    6.34561483e-02    6.02483467e-02      40.0          0.0  
 144       307       true    8.02722755e-02    5.99729323e-02      70.7          0.0  
 145       535      false    2.56169879e-01    2.74718155e-01      65.1          0.0  
 146       306       true    1.06848253e-01    6.42399237e-02      69.2          0.0  
 147       382       true    7.18784087e-02    3.82959920e-02      49.0          0.0  
 148       154      false    1.34906552e-01    7.55574729e-02      31.0          0.0  
 149       357       true    1.46084680e-01    5.58584433e-02      83.3          0.0  
 150       237      false    4.45278284e-02    7.05531076e-03      35.2          0.0  
 151       338       true    1.10554818e-01    3.77790932e-02      58.2          0.0  
 152       606      false    4.82610285e-01    5.39566412e-02      50.5          0.0  
 153       114       true    8.19931789e-02    1.39459339e-02      29.7          0.0  
 154       544      false    3.24784278e-01    7.93382991e-02      78.9          0.0  
 155       198      false    8.67525873e-01    1.16482924e-01      58.9          0.0  
 156       334      false    6.68044206e-02    2.64692626e-02      78.8          0.0  
 157       495      false    7.89708557e-02    4.99606273e-02      59.6          0.0  
 158       111      false    5.17686458e-02    1.57615523e-02      38.0          0.0  
 159       544       true    7.52378876e-02    2.27186763e-02      41.3          0.0  
 160       391      false    1.11075035e-01    1.79228158e-01      44.0          0.0  
 161       332      false    9.53812970e-02    3.38629069e-02      36.8          0.0  
 162       499      false    8.34160134e-02    1.06886998e-01     113.5          0.0  
 163        89       true    4.00870365e-01    5.25156229e-02      32.0          0.0  
 164       379      false    2.60071351e-01    1.43094081e-01      69.6          0.0  
 165       324      false    7.89544219e-02    4.79957352e-02      62.3          0.0  
 166       124      false    5.25128659e-02    1.14988528e-02      42.3          0.0  
 167       351      false    3.28168543e-01    1.70776507e-01      54.0          0.0  
 168       344      false    9.62806725e-02    5.37002937e-02      62.2          0.0  
 169       633      false    3.06872708e-01    5.96251261e-02      97.4          0.0  
 170       536      false    8.22846923e-02    5.29737186e-02      25.6          0.0  
 171       362      false    8.86324572e-02    2.50488867e-02      56.8          0.0  
 172       466      false    7.65718917e-02    5.19772615e-02      81.5          0.0  
 173       328      false    5.19004125e-02    1.36632994e-02      79.9          0.0  
 174       484       true    9.53700070e-02    8.14549016e-02      79.2          0.0  
 175       138      false    5.59648261e-02    8.23956084e-02      48.9          0.0  
 176       557       true    5.89414505e-02    5.19171682e-02      67.4          0.0  
 177       113      false    6.82303872e-02    1.69031014e-02      30.4          0.0  
 178       575      false    5.57054831e-02    3.25577735e-02      64.1          0.0  
 179       472      false    1.09956876e-01    5.11674538e-02      71.7          0.0  
 180       104      false    5.20762970e-02    2.77930604e-02      35.0          0.0  
 181       214       true    5.33989352e-02    5.76364354e-02      36.1          0.0  
 182       356       true    6.83576524e-02    1.03337853e-01      50.3          0.0  
 183       538      false    6.29107444e-01    1.03100313e-01      40.0          0.0  
 184       343       true    2.52603994e-01    4.64807037e-02      61.0          0.0  
 185       472      false    9.75237032e-02    1.34949755e-01      63.7          0.0  
 186       220       true    1.27360625e-01    1.05242807e-01      68.0          0.0  
 187       360      false    1.07655693e-01    1.80208211e-02      33.6          0.0  
 188       296      false    8.58979037e-02    2.10664027e-02      53.8          0.0  
 189       310       true    1.20527324e-01    2.25063236e-02      89.2          0.0  
 190       412      false    1.98480360e-01    8.24594025e-02      72.8          0.0  
 191       442       true    4.57135652e-02    9.95627402e-03      41.9          0.0  
 192       568       true    1.07615310e+00    1.76352599e-01      55.9          0.0  
 193       367       true    1.40696859e-01    7.21661846e-02      49.2          0.0  
 194       380       true    2.74526904e-01    3.89435489e-02     105.7          0.0  
 195        85       true    7.55243030e-02    7.52949552e-03      32.1          0.0  
 196       142       true    5.09211862e-02    8.31592484e-03      39.5          0.0  
 197       391       true    7.24262980e-02    4.87147750e-02      69.3          0.0  
 198       178       true    6.19308155e-02    4.35486010e-02      58.0          0.0  
 199       482      false    6.02831154e-02    6.73586479e-02      59.6          0.0  
 200       139      false    7.19106033e-02    4.23886439e-02      40.0          0.0  
 201       475       true    5.20942644e-02    4.12554527e-02      44.4          0.0  
 202       451       true    9.79044108e-02    4.12263361e-02      79.0          0.0  
 203       316      false    1.22428048e-01    9.84489182e-02      62.1          0.0  
 204       425      false    6.11927321e-02    1.89476620e-02      52.5          0.0  
 205       564       true    5.62754050e-02    1.13027408e-01      72.7          0.0  
 206       228       true    6.32230550e-02    3.31687755e-02      57.7          0.0  
 207       451       true    6.98838193e-02    7.37579829e-02     100.8          0.0  
 208       585      false    2.82073980e-01    2.71497834e-01      64.2          0.0  
 209       583      false    4.39999393e-02    5.48962482e-02      39.6          0.0  
 210       432       true    8.25377925e-02    1.98789545e-02      55.8          0.0  
 211       415      false    8.12068030e-02    5.25040518e-02      60.7          0.0  
 212       293       true    2.75812293e-01    7.50938589e-02      59.1          0.0  
 213       146       true    4.96718762e-02    1.93933583e-02      34.5          0.0  
 214       357       true    4.81605951e-02    1.78490391e-02      50.9          0.0  
 215       531      false    1.21508871e-01    5.31049199e-02      36.2          0.0  
 216       403       true    5.27941695e-02    6.58882149e-02      61.3          0.0  
 217       306       true    1.41377729e-01    4.98974259e-02      65.1          0.0  
 218       170       true    5.06589995e-02    1.52078803e-02      42.9          0.0  
 219        20       true    1.04433436e-01    6.93234910e-02      17.5          0.0  
 220       511      false    2.61254835e-01    5.90223054e-02      81.4          0.0  
 221       173       true    6.73089174e-02    1.07447935e-02      36.6          0.0  
 222       344       true    1.18484219e-01    1.29904095e-01      75.2          0.0  
 223       544      false    1.93634946e-01    6.52324508e-02      83.0          0.0  
 224       133      false    8.78452077e-02    5.59445416e-02      38.2          0.0  
 225       139      false    1.83710303e-01    3.93825370e-02      46.2          0.0  
 226       155      false    9.23818823e-02    5.98824450e-02      33.4          0.0  
 227        92      false    8.06970280e-02    7.42097710e-03      32.4          0.0  
 228       274      false    1.16663271e-01    3.59383869e-02      80.7          0.0  
 229       311       true    5.05750715e-02    6.00314765e-02      85.9          0.0  
 230       198       true    1.16556600e-01    8.12897004e-02      48.3          0.0  
 231       223       true    4.90281542e-02    8.36939117e-02      51.8          0.0  
 232       253      false    7.09580539e-02    6.81283072e-02      61.1          0.0  
 233       367      false    2.24100537e-01    2.11399306e-01      57.5          0.0  
 234       281       true    3.08637421e-01    8.56752870e-02      73.9          0.0  
 235       413      false    7.99208434e-02    1.34090201e-01      56.7          0.0  
 236       105      false    5.57531391e-02    8.54426365e-03      36.6          0.0  
 237       111       true    6.62416779e-02    6.58877387e-03      35.4          0.0  
 238       344       true    7.62225572e-02    4.63646531e-02      72.7          0.0  
 239       467      false    4.53489145e-02    2.78633865e-02      63.8          0.0  
 240       329      false    6.78183064e-02    3.94289095e-02      38.1          0.0  
 241       332       true    9.53678633e-02    4.13612748e-02      68.9          0.0  
 242       410      false    1.22885653e-01    1.24883901e-01      79.0          0.0  
 243       108      false    7.20390340e-02    1.98449533e-02      28.3          0.0  
 244       418      false    3.65203034e-01    5.31899699e-02      33.0          0.0  
 245       183      false    3.75562659e-02    8.16764913e-03      37.2          0.0  
 246        97       true    4.51610908e-02    2.95171988e-03      34.9          0.0  
 247       301       true    9.94302483e-02    5.36310876e-02      76.4          0.0  
 248       108      false    5.02668015e-02    5.21582032e-03      32.7          0.0  
 249       326       true    1.08685474e-01    9.25506350e-02      69.6          0.0  
 250       227       true    8.95614049e-02    1.18689591e-01      26.7          0.0  
 251       361      false    6.04490959e-02    2.01636023e-02      69.9          0.0  
 252       308       true    3.91821417e-01    2.82777578e-01      51.6          0.0  
 253       523       true    6.25681402e-02    3.51245263e-02      72.8          0.0  
 254       233      false    1.69218191e-01    9.53156374e-02      38.6          0.0  
 255       565       true    7.51233115e-02    5.62591777e-02      75.5          0.0  
 256       507       true    5.69275143e-02    1.63207920e-01      47.7          0.0  
 257       288      false    5.70518077e-02    1.04137266e-01      50.5          0.0  
 258       538       true    1.62716786e+00    1.75502918e-01      37.6          0.0  
 259       132      false    4.47832171e-02    9.09838435e-03      32.3          0.0  
 260       358       true    1.46181154e-01    3.58836443e-02      83.1          0.0  
 261       322       true    4.50323418e-02    1.11440388e-01      38.3          0.0  
 262       350       true    1.28872370e-01    1.11776564e-01      64.4          0.0  
 263       603      false    6.43661232e-02    2.12256668e-02      55.4          0.0  
 264       381      false    3.88587193e-02    3.64616884e-02      79.0          0.0  
 265       303       true    9.36439446e-02    4.75584919e-02      88.2          0.0  
 266       267       true    1.75536109e-01    4.63897204e-02      66.9          0.0  
 267       486      false    1.37118565e-01    5.03174603e-02      68.6          0.0  
 268       114       true    4.52040197e-02    1.00920909e-02      35.9          0.0  
 269       314       true    9.99602028e-02    2.06687809e-02      43.0          0.0  
 270       244      false    5.67356291e-02    6.15393703e-02      40.0          0.0  
 271       467       true    2.86796237e-01    3.81677418e-02      80.2          0.0  
 272       103       true    5.19281751e-02    2.20721068e-02      33.2          0.0  
 273       495       true    7.81142411e-02    4.33641677e-02      89.9          0.0  
 274       434       true    4.87726385e-02    5.84177041e-02      61.6          0.0  
 275       426       true    8.55678102e-02    4.71303931e-02     103.5          0.0  
 276       505       true    2.69476699e-01    3.95895282e-02      72.1          0.0  
 277       422      false    5.56930869e-01    6.64369058e-02     107.0          0.0  
 278       208       true    8.86319023e-02    1.54799153e-02      63.1          0.0  
 279       373       true    2.66115710e+00    2.28651838e-01      63.4          0.0  
 280       176       true    7.41906524e-02    3.85272561e-02      48.4          0.0  
 281       270      false    8.41022756e-02    2.71292743e-02      64.3          0.0  
 282       290       true    1.15775845e-01    1.03301732e-01      37.5          0.0  
 283       486      false    5.16349842e-02    3.94861979e-02      53.3          0.0  
 284       169      false    4.40219478e-02    2.23643804e-02      31.2          0.0  
 285       320       true    7.41153412e-02    6.08535556e-02      90.8          0.0  
 286       321      false    6.46886567e-01    1.06773129e-01      89.2          0.0  
 287       186      false    6.47959375e-02    4.95049071e-02      45.5          0.0  
 288       297      false    1.43528450e-01    6.29116666e-02      60.8          0.0  
 289       341      false    7.44951536e-02    2.20407756e-02      62.3          0.0  
 290       534      false    2.98427243e-01    9.41851369e-02      49.4          0.0  
 291       507       true    1.70164072e-01    3.66199849e-02      70.7          0.0  
 292       336       true    9.59384790e-02    6.12547336e-02      60.5          0.0  
 293       462       true    4.51191440e-01    7.19022623e-02      52.3          0.0  
 294       609       true    4.86837142e-01    5.95310281e-02      81.8          0.0  
 295       194       true    5.01506199e-02    3.54471102e-02      36.3          0.0  
 296       504      false    1.35582055e-01    5.56274354e-02      71.0          0.0  
 297       316      false    1.48911590e-01    7.18878169e-02      34.0          0.0  
 298       301       true    7.34653170e-02    1.92149448e-02      28.5          0.0  
 299       298      false    9.36555556e-02    4.94692428e-02      52.2          0.0  
 300       222       true    1.00902825e-01    1.07798748e-01      64.1          0.0  
 301       543      false    4.35874744e-02    4.99220053e-02      28.8          0.0  
 302       510       true    1.67412186e-01    7.69881779e-02      44.6          0.0  
 303       254       true    4.70709309e-02    5.16803302e-02      56.7          0.0  
 304       256       true    5.00928293e-01    1.02553357e-01      74.3          0.0  
 305       511      false    6.11387452e-02    4.61756467e-02      67.9          0.0  
 306       208       true    5.76183738e-02    1.76308107e-02      47.1          0.0  
 307       282       true    8.52753303e-02    5.82955591e-02      81.4          0.0  
 308       463      false    2.42063270e-01    5.31425655e-02      84.3          0.0  
 309       289       true    1.51124496e-01    7.43967385e-02      63.9          0.0  
 310       132      false    3.82094942e-01    3.31133619e-02      44.8          0.0  
 311       552      false    8.66766910e-02    1.88290922e-01      68.9          0.0  
 312       357       true    6.25660560e-02    3.11309903e-02      44.6          0.0  
 313       477      false    7.81102764e-02    4.83498466e-02      65.1          0.0  
 314       445      false    2.08384732e-01    5.07630063e-02      58.2          0.0  
 315       363       true    1.01156442e-01    5.82623508e-02      39.7          0.0  
 316       388      false    1.16815919e-01    5.99413669e-02      39.1          0.0  
 317       108      false    5.40966456e-02    1.75724575e-02      33.7          0.0  
 318       387       true    1.21246703e-01    6.02503451e-02      62.9          0.0  
 319       509      false    3.30364455e-01    8.56106271e-02      94.7          0.0  
 320       104       true    5.21970692e-02    2.30534332e-02      32.8          0.0  
 321       380      false    6.94974169e-02    1.04275436e-01      67.9          0.0  
 322       317       true    6.61855668e-02    5.60770978e-02      37.7          0.0  
 323       313       true    7.38613821e-02    6.50021783e-02      46.3          0.0  
 324       440      false    2.15714989e-01    8.66342014e-02      61.4          0.0  
 325       164       true    8.19602549e-02    6.44370898e-02      33.4          0.0  
 326       642      false    9.35688354e-02    2.61737005e-02      82.5          0.0  
 327       482       true    5.49228970e-02    3.32054256e-02      37.9          0.0  
 328       320       true    8.16150033e-02    4.51292530e-02      34.6          0.0  
 329       241       true    3.13154587e-01    1.27318119e-01      61.1          0.0  
 330       256       true    1.10094845e-01    8.21289357e-02      67.0          0.0  
 331       336      false    4.65280219e-02    6.23593440e-02      91.1          0.0  
 332       318       true    7.62609011e-02    4.43297639e-02      35.7          0.0  
 333       253      false    5.42573710e-02    1.86580078e-02      32.2          0.0  
 334       170      false    7.68486777e-02    7.32706869e-03      31.3          0.0  
 335       281      false    1.14282560e-01    6.17672674e-02      66.0          0.0  
 336       232      false    1.36307823e-01    8.38449741e-02      41.5          0.0  
 337       210      false    7.00590675e-02    2.08073115e-02      27.6          0.0  
 338       130      false    4.23489480e-02    2.15285205e-02      33.3          0.0  
 339       156      false    1.18773948e-01    1.56622625e-01      36.5          0.0  
 340       297       true    6.01265275e-02    2.08707947e-01      47.1          0.0  
 341       187      false    1.02366517e-01    4.57226337e-02      41.5          0.0  
 342       312       true    3.89755611e-01    7.44904234e-02      76.0          0.0  
 343       175      false    1.53744029e-01    5.89056704e-02      36.1          0.0  
 344       532       true    6.39339298e-02    2.36212860e-02      41.7          0.0  
 345       347       true    5.74445197e-02    3.68554634e-02      37.2          0.0  
 346       477      false    8.40034893e-02    1.16480412e-01      78.2          0.0  
 347       156      false    7.29962761e-02    5.63092233e-02      52.6          0.0  
 348       480      false    5.14649393e-01    1.39476699e-01      32.4          0.0  
 349       569       true    4.68021543e-02    2.67398373e-02      85.6          0.0  
 350       466      false    6.49680097e-01    7.18414272e-02      88.3          0.0  
 351       524      false    5.62984790e-02    5.49776212e-02      35.1          0.0  
 352       666      false    6.39442200e-02    3.54357774e-02      37.4          0.0  
 353       650      false    6.12664225e-02    5.88822060e-02      33.0          0.0  
 354       291       true    9.56281046e-02    1.17362983e-01      61.0          0.0  
 355       492       true    5.23866330e-02    5.27195400e-02      52.1          0.0  
 356       477       true    4.49266920e-01    9.79189755e-02      40.6          0.0  
 357       306      false    4.69182186e-02    4.49349510e-02      35.9          0.0  
 358       187       true    1.82430213e-01    1.41879109e-01      31.1          0.0  
 359       426      false    1.08063567e-01    4.85508221e-02      50.7          0.0  
 360       175       true    1.78235454e-01    5.85509052e-02      32.5          0.0  
 361       185       true    6.12991135e-02    6.20404289e-02      59.5          0.0  
 362       488       true    5.66938801e-02    1.00610253e-01      78.1          0.0  
 363       342       true    9.17466590e-02    6.97259704e-02      79.9          0.0  
 364       305       true    6.15108759e-02    4.37902392e-02      29.3          0.0  
 365       411      false    5.46455121e-02    3.66525475e-02      51.6          0.0  
 366       317       true    1.52889782e-01    4.29322886e-02      37.4          0.0  
 367       438      false    4.82423818e-02    2.59592031e-01      35.5          0.0  
 368       200      false    2.24913950e-01    1.37749440e-01      53.4          0.0  
 369       154       true    7.56650459e-02    8.88507723e-02      31.1          0.0  
 370       523       true    4.82755163e-02    1.42023846e-01      70.5          0.0  
 371       140       true    4.45805232e-02    8.82351482e-03      35.1          0.0  
 372       383      false    7.47278152e-02    1.61116690e-01      69.1          0.0  
 373       350       true    1.35645290e-01    6.02439274e-02      93.7          0.0  
 374       481      false    4.09286031e-01    1.00552709e-01      53.2          0.0  
 375        95       true    7.81701373e-02    2.41092938e-03      26.6          0.0  
 376       416       true    1.27061495e-01    8.71857622e-02      38.7          0.0  
 377       387       true    2.97844403e-01    1.09224683e-01      73.8          0.0  
 378       226       true    1.36153585e-01    5.38396980e-02      32.9          0.0  
 379       359      false    5.73387016e-02    3.75848389e-02      81.2          0.0  
 380       335       true    8.85916399e-02    4.87659257e-02      59.9          0.0  
 381       620       true    8.56157280e-02    6.31268110e-02      34.3          0.0  
 382       320       true    1.67118974e-01    4.15690943e-02      48.1          0.0  
 383       337       true    6.48206593e-02    9.99714302e-02      60.5          0.0  
 384       203      false    7.41288381e-02    3.51343812e-02      60.6          0.0  
 385       249       true    7.94037586e-02    4.63255815e-02      45.8          0.0  
 386       408       true    4.95064932e-02    5.25537315e-02      78.2          0.0  
 387       259      false    4.61734946e-02    2.45314507e-02      47.2          0.0  
 388       563      false    1.06632931e-01    6.96276557e-02      84.3          0.0  
 389       557       true    8.04232055e-02    2.92697119e-02      71.8          0.0  
 390       325       true    6.56348418e-02    4.22299249e-02      33.4          0.0  
 391       321       true    3.84471429e-02    1.35391292e-01      53.5          0.0  
 392       137       true    5.17616415e-02    1.79996634e-02      35.4          0.0  
 393       149       true    4.37354233e-02    3.37345310e-03      37.6          0.0  
 394       438      false    1.05210807e-01    6.23849691e-02      66.9          0.0  
 395       152       true    6.08391954e-02    3.07064590e-02      42.2          0.0  
 396       471      false    6.30326006e-02    3.35552508e-02      61.6          0.0  
 397       163      false    4.67054435e-02    1.98451140e-02      34.5          0.0  
 398       340       true    8.61718565e-02    2.53711238e-02      49.5          0.0  
 399       381       true    2.97925204e-01    4.84395890e-02      85.5          0.0  
 400       535      false    1.23398607e-01    1.69410422e-01      35.9          0.0  
 401       320       true    9.05050534e-02    3.30799527e-02      79.7          0.0  
 402       275       true    1.07254225e-01    4.07335330e-02      77.7          0.0  
 403       489      false    6.20466557e-02    5.51094042e-02      47.3          0.0  
 404       463       true    8.10926479e-02    3.04693308e-02      65.9          0.0  
 405       127      false    4.84425966e-02    6.49767923e-03      43.8          0.0  
 406       293       true    1.31471690e-01    7.17821881e-02      78.9          0.0  
 407       299      false    1.22039960e-01    5.21345426e-02      76.6          0.0  
 408       413       true    7.77119288e-02    1.42183468e-01      36.0          0.0  
 409       499      false    2.89318385e-01    2.18824706e-02      78.3          0.0  
 410       253       true    1.09674232e+00    1.32911963e-01      39.9          0.0  
 411       359      false    8.07810789e-02    1.93417497e-01      90.8          0.0  
 412       236       true    1.00110997e-01    1.22768413e-01      73.9          0.0  
 413       354      false    5.93281891e-02    4.19861563e-02      69.4          0.0  
 414       150       true    1.24388434e-01    3.51722266e-02      42.6          0.0  
 415       565       true    1.07323784e-01    2.98029385e-01     105.1          0.0  
 416        95      false    5.75006918e-02    1.82113967e-01      36.4          0.0  
 417       332      false    4.27939599e-01    1.13044844e-01      84.0          0.0  
 418       308       true    2.55448975e-01    5.16989669e-02      65.5          0.0  
 419       284      false    9.05946699e-02    4.37669739e-02      52.4          0.0  
 420       320       true    5.68485420e-02    5.97769510e-02      37.6          0.0  
 421       417       true    5.31424753e-02    3.76148673e-02      40.5          0.0  
 422       261       true    5.37601135e-02    1.24234725e-02      58.7          0.0  
 423       293       true    9.11828553e-02    6.49355677e-02      34.3          0.0  
 424       123       true    5.26052519e-02    5.26311725e-02      33.0          0.0  
 425       225       true    9.40765675e-02    2.96584202e-02      48.1          0.0  
 426       176       true    5.09777233e-02    3.97564821e-02      51.1          0.0  
 427       336      false    7.15672902e-02    5.59662981e-02      30.8          0.0  
 428       372      false    1.81192734e-01    5.53783240e-02      39.0          0.0  
 429       124       true    4.78515958e-01    4.95190524e-02      36.3          0.0  
 430       547      false    9.54206429e-02    6.46715436e-02      62.3          0.0  
 431       263       true    9.38519643e-02    2.08534678e-02      46.0          0.0  
 432       280      false    9.92758428e-02    1.85361792e-02      57.8          0.0  
 433       301       true    8.22804812e-02    6.81455380e-02      63.2          0.0  
 434       359       true    1.08650140e-01    1.28340118e-01      83.4          0.0  
 435       352       true    1.77119812e-01    1.78639961e-01      50.1          0.0  
 436       695       true    1.40490588e-01    2.78244990e-02      44.9          0.0  
 437       349       true    6.67224283e-02    5.05561095e-02      58.6          0.0  
 438       148      false    7.14512752e-02    2.20270366e-02      28.1          0.0  
 439       115       true    7.20413367e-02    4.26383817e-02      39.3          0.0  
 440       285      false    7.21922766e-02    1.40506956e-02      37.5          0.0  
 441       271       true    4.76067003e-02    1.43632802e-02      34.8          0.0  
 442       478      false    1.63031387e-01    3.91607679e-02      72.4          0.0  
 443        95       true    4.47716335e-02    5.01575415e-03      33.4          0.0  
 444       233      false    5.97996120e-02    1.47694188e-02      36.9          0.0  
 445       461       true    1.54228484e-01    1.32020137e-01      50.8          0.0  
 446       251       true    5.14179122e-02    3.61883985e-02      31.8          0.0  
 447       341      false    1.38346455e-01    3.66630564e-02      62.7          0.0  
 448       116       true    6.13770711e-02    3.69328650e-02      34.5          0.0  
 449       371      false    1.17789561e-01    6.06360288e-02      33.3          0.0  
 450       311       true    5.57029074e-02    1.63028821e-02      63.2          0.0  
 451        89      false    6.02426376e-02    1.56181733e-01      33.2          0.0  
 452       313      false    8.21454298e-02    1.50080773e-02      57.9          0.0  
 453       351       true    1.84249268e-01    7.47665649e-02      62.4          0.0  
 454       191       true    8.25039132e-02    4.37779991e-02      59.5          0.0  
 455       366      false    9.00794974e-02    3.32442827e-02      91.4          0.0  
 456       272       true    5.93298015e-01    3.38287541e-01      62.8          0.0  
 457       194      false    4.27071617e-02    2.20728758e-02      34.2          0.0  
 458       308       true    2.05154535e-01    1.19903949e-01      58.8          0.0  
 459       339      false    1.79689939e-01    7.31781131e-02      68.5          0.0  
 460       361       true    6.82547932e-02    1.93963379e-02      77.0          0.0  
 461       177      false    1.80010508e-01    5.45193068e-02      57.2          0.0  
 462       336       true    2.50836537e-01    1.05057790e-01      39.5          0.0  
 463       455      false    9.73711994e-02    6.29076837e-02      78.0          0.0  
 464       363      false    9.48850207e-02    3.90758212e-02      80.6          0.0  
 465       264       true    4.91042040e-02    1.16313258e-01      63.8          0.0  
 466       352       true    6.07159263e-02    6.80261871e-02      73.8          0.0  
 467       359      false    1.09545700e-01    2.26279898e-02      42.5          0.0  
 468       323       true    6.97502157e-02    1.73604001e-02      72.5          0.0  
 469       446       true    1.17118716e-01    5.78276474e-02      51.2          0.0  
 470       374      false    2.03946367e-01    3.21102803e-02      33.9          0.0  
 471       115       true    7.53591537e-02    4.67252120e-02      42.3          0.0  
 472       477       true    5.24076814e-02    1.08271850e-01      22.2          0.0  
 473       275       true    1.07929893e-01    1.35877679e-01      39.8          0.0  
 474       108      false    5.57342901e-02    5.02932501e-02      37.5          0.0  
 475       426      false    2.28054272e-01    8.33795847e-02      50.2          0.0  
 476       304      false    5.42129006e-02    1.05450869e-01      75.9          0.0  
 477       475       true    1.90045303e-01    1.38429815e-01      60.5          0.0  
 478       269       true    1.20621808e-01    3.92678791e-02      80.3          0.0  
 479       328      false    3.43786267e-01    4.58028233e-02      36.8          0.0  
 480       443      false    2.42844657e-01    5.05261524e-02      70.5          0.0  
 481       258       true    1.17682117e+00    2.58539076e-01      78.6          0.0  
 482       523      false    5.32057546e-02    4.17332393e-02      68.1          0.0  
 483       133       true    1.10924477e-01    6.25869600e-02      43.7          0.0  
 484       469      false    5.55096578e-02    7.26251006e-02      46.5          0.0  
 485       357      false    2.05160095e-01    4.14713192e-02      43.5          0.0  
 486       179       true    2.14511395e+00    3.82504917e-01      57.4          0.0  
 487       440      false    7.38613276e-02    2.97739971e-02      34.8          0.0  
 488       456      false    9.53351646e-02    3.85276399e-02      59.6          0.0  
 489       469      false    1.18733468e-01    4.12814677e-02      67.5          0.0  
 490       211       true    7.27651573e-02    6.09965468e-02      65.6          0.0  
 491       308      false    7.19743734e-02    2.22002097e-02      81.2          0.0  
 492       481       true    1.80801113e-01    1.17806540e-01      54.9          0.0  
 493       512       true    1.86778435e-01    5.03477239e-02      48.5          0.0  
 494       115       true    6.21731489e-02    1.31964811e-02      36.9          0.0  
 495       245       true    7.97951738e-02    5.51980592e-02      76.7          0.0  
 496       462      false    2.57888917e-01    5.11740231e-02      74.5          0.0  
 497       542      false    6.48434017e-02    3.02276868e-02      51.7          0.0  
 498       340      false    1.69815612e-01    5.61921487e-02      59.0          0.0  
 499       434       true    1.16129471e-01    3.38814011e-02      43.5          0.0  
 500       717      false    2.09357489e-01    3.91239528e-02     108.2          0.0  
